1,	0.5,	2,	0.268642,	0.268642,	2,	24
1,	0.5,	2,	0.134321,	0.134321,	3,	23
1,	0.5,	2,	0.0671606,	0.0671606,	4,	23
1,	0.5,	2,	0.0335803,	0.0335803,	5,	22
1,	0.5,	2,	0.0167902,	0.0167902,	6,	21
1,	0.5,	2,	0.00839508,	0.00839508,	7,	20
1,	0.5,	2,	0.00419754,	0.00419754,	8,	25
1,	0.25,	4,	0.268642,	0.268642,	2,	27
1,	0.25,	4,	0.134321,	0.134321,	3,	24
1,	0.25,	4,	0.0671606,	0.0671606,	4,	24
1,	0.25,	4,	0.0335803,	0.0335803,	5,	23
1,	0.25,	4,	0.0167902,	0.0167902,	6,	24
1,	0.25,	4,	0.00839508,	0.00839508,	7,	25
1,	0.25,	4,	0.00419754,	0.00419754,	8,	32
1,	0.125,	8,	0.268642,	0.268642,	2,	29
1,	0.125,	8,	0.134321,	0.134321,	3,	25
1,	0.125,	8,	0.0671606,	0.0671606,	4,	25
1,	0.125,	8,	0.0335803,	0.0335803,	5,	25
1,	0.125,	8,	0.0167902,	0.0167902,	6,	25
1,	0.125,	8,	0.00839508,	0.00839508,	7,	26
1,	0.125,	8,	0.00419754,	0.00419754,	8,	25
1,	0.0625,	16,	0.268642,	0.268642,	2,	28
1,	0.0625,	16,	0.134321,	0.134321,	3,	38
1,	0.0625,	16,	0.0671606,	0.0671606,	4,	28
1,	0.0625,	16,	0.0335803,	0.0335803,	5,	26
1,	0.0625,	16,	0.0167902,	0.0167902,	6,	26
1,	0.0625,	16,	0.00839508,	0.00839508,	7,	30
1,	0.0625,	16,	0.00419754,	0.00419754,	8,	43
1,	0.03125,	32,	0.268642,	0.268642,	2,	30
1,	0.03125,	32,	0.134321,	0.134321,	3,	38
1,	0.03125,	32,	0.0671606,	0.0671606,	4,	28
1,	0.03125,	32,	0.0335803,	0.0335803,	5,	51
1,	0.03125,	32,	0.0167902,	0.0167902,	6,	28
1,	0.03125,	32,	0.00839508,	0.00839508,	7,	107
1,	0.03125,	32,	0.00419754,	0.00419754,	8,	112
1,	0.015625,	64,	0.268642,	0.268642,	2,	30
1,	0.015625,	64,	0.134321,	0.134321,	3,	106
1,	0.015625,	64,	0.0671606,	0.0671606,	4,	126
1,	0.015625,	64,	0.0335803,	0.0335803,	5,	132
1,	0.015625,	64,	0.0167902,	0.0167902,	6,	109
1,	0.015625,	64,	0.00839508,	0.00839508,	7,	122
1,	0.015625,	64,	0.00419754,	0.00419754,	8,	200
1,	0.0078125,	128,	0.268642,	0.268642,	2,	115
1,	0.0078125,	128,	0.134321,	0.134321,	3,	111
1,	0.0078125,	128,	0.0671606,	0.0671606,	4,	140
1,	0.0078125,	128,	0.0335803,	0.0335803,	5,	119
1,	0.0078125,	128,	0.0167902,	0.0167902,	6,	200
1,	0.0078125,	128,	0.00839508,	0.00839508,	7,	118
1,	0.0078125,	128,	0.00419754,	0.00419754,	8,	200
