1,	0.5,	2,	0.268642,	0.268642,	2,	52
1,	0.5,	2,	0.134321,	0.134321,	3,	200
1,	0.5,	2,	0.0671606,	0.0671606,	4,	200
1,	0.5,	2,	0.0335803,	0.0335803,	5,	200
1,	0.5,	2,	0.0167902,	0.0167902,	6,	200
1,	0.5,	2,	0.00839508,	0.00839508,	7,	86
1,	0.5,	2,	0.00419754,	0.00419754,	8,	53
1,	0.25,	4,	0.268642,	0.268642,	2,	96
1,	0.25,	4,	0.134321,	0.134321,	3,	200
1,	0.25,	4,	0.0671606,	0.0671606,	4,	200
1,	0.25,	4,	0.0335803,	0.0335803,	5,	200
1,	0.25,	4,	0.0167902,	0.0167902,	6,	200
1,	0.25,	4,	0.00839508,	0.00839508,	7,	94
1,	0.25,	4,	0.00419754,	0.00419754,	8,	59
1,	0.125,	8,	0.268642,	0.268642,	2,	200
1,	0.125,	8,	0.134321,	0.134321,	3,	200
1,	0.125,	8,	0.0671606,	0.0671606,	4,	200
1,	0.125,	8,	0.0335803,	0.0335803,	5,	200
1,	0.125,	8,	0.0167902,	0.0167902,	6,	200
1,	0.125,	8,	0.00839508,	0.00839508,	7,	106
1,	0.125,	8,	0.00419754,	0.00419754,	8,	66
1,	0.0625,	16,	0.268642,	0.268642,	2,	200
1,	0.0625,	16,	0.134321,	0.134321,	3,	200
1,	0.0625,	16,	0.0671606,	0.0671606,	4,	200
1,	0.0625,	16,	0.0335803,	0.0335803,	5,	200
1,	0.0625,	16,	0.0167902,	0.0167902,	6,	200
1,	0.0625,	16,	0.00839508,	0.00839508,	7,	117
1,	0.0625,	16,	0.00419754,	0.00419754,	8,	70
1,	0.03125,	32,	0.268642,	0.268642,	2,	200
1,	0.03125,	32,	0.134321,	0.134321,	3,	200
1,	0.03125,	32,	0.0671606,	0.0671606,	4,	200
1,	0.03125,	32,	0.0335803,	0.0335803,	5,	200
1,	0.03125,	32,	0.0167902,	0.0167902,	6,	200
1,	0.03125,	32,	0.00839508,	0.00839508,	7,	121
1,	0.03125,	32,	0.00419754,	0.00419754,	8,	72
1,	0.015625,	64,	0.268642,	0.268642,	2,	200
1,	0.015625,	64,	0.134321,	0.134321,	3,	200
1,	0.015625,	64,	0.0671606,	0.0671606,	4,	200
1,	0.015625,	64,	0.0335803,	0.0335803,	5,	200
1,	0.015625,	64,	0.0167902,	0.0167902,	6,	200
1,	0.015625,	64,	0.00839508,	0.00839508,	7,	121
1,	0.015625,	64,	0.00419754,	0.00419754,	8,	71
1,	0.0078125,	128,	0.268642,	0.268642,	2,	200
1,	0.0078125,	128,	0.134321,	0.134321,	3,	200
1,	0.0078125,	128,	0.0671606,	0.0671606,	4,	200
1,	0.0078125,	128,	0.0335803,	0.0335803,	5,	200
1,	0.0078125,	128,	0.0167902,	0.0167902,	6,	200
1,	0.0078125,	128,	0.00839508,	0.00839508,	7,	119
1,	0.0078125,	128,	0.00419754,	0.00419754,	8,	69
