1,	0.5,	2,	0.537285,	0.537285,	1,	15
1,	0.5,	2,	0.537285,	0.537285,	1,	54
1,	0.5,	2,	0.537285,	0.537285,	1,	182
1,	0.5,	2,	0.537285,	0.537285,	1,	74
1,	0.0625,	16,	0.537285,	0.537285,	1,	200
10,	5,	2,	0.537285,	0.537285,	1,	189
200,	100,	2,	0.537285,	0.537285,	1,	200
1,	0.5,	2,	0.537285,	0.537285,	1,	74
2,	1,	2,	0.537285,	0.537285,	1,	152
2,	1,	2,	0.537285,	0.537285,	1,	152
1,	0.0625,	16,	0.537285,	0.537285,	1,	200
1,	0.5,	2,	0.537285,	0.537285,	1,	200
1,	0.5,	2,	0.537285,	0.537285,	1,	200
1,	0.5,	2,	0.537285,	0.537285,	1,	74
1,	0.5,	2,	0.537285,	0.537285,	1,	200
1,	0.5,	2,	0.537285,	0.537285,	1,	200
1,	0.5,	2,	0.537285,	0.537285,	1,	200
1,	0.5,	2,	0.537285,	0.537285,	1,	200
