1,	0.5,	2,	0.268642,	0.268642,	2,	27
1,	0.5,	2,	0.134321,	0.134321,	3,	28
1,	0.5,	2,	0.0671606,	0.0671606,	4,	28
1,	0.5,	2,	0.0335803,	0.0335803,	5,	29
1,	0.5,	2,	0.0167902,	0.0167902,	6,	29
1,	0.5,	2,	0.00839508,	0.00839508,	7,	30
1,	0.5,	2,	0.00419754,	0.00419754,	8,	30
2,	0.5,	4,	0.268642,	0.268642,	2,	27
2,	0.5,	4,	0.134321,	0.134321,	3,	29
2,	0.5,	4,	0.0671606,	0.0671606,	4,	29
2,	0.5,	4,	0.0335803,	0.0335803,	5,	30
2,	0.5,	4,	0.0167902,	0.0167902,	6,	30
2,	0.5,	4,	0.00839508,	0.00839508,	7,	30
2,	0.5,	4,	0.00419754,	0.00419754,	8,	30
4,	0.5,	8,	0.268642,	0.268642,	2,	30
4,	0.5,	8,	0.134321,	0.134321,	3,	30
4,	0.5,	8,	0.0671606,	0.0671606,	4,	30
4,	0.5,	8,	0.0335803,	0.0335803,	5,	30
4,	0.5,	8,	0.0167902,	0.0167902,	6,	31
4,	0.5,	8,	0.00839508,	0.00839508,	7,	30
4,	0.5,	8,	0.00419754,	0.00419754,	8,	30
8,	0.5,	16,	0.268642,	0.268642,	2,	30
8,	0.5,	16,	0.134321,	0.134321,	3,	29
8,	0.5,	16,	0.0671606,	0.0671606,	4,	30
8,	0.5,	16,	0.0335803,	0.0335803,	5,	30
8,	0.5,	16,	0.0167902,	0.0167902,	6,	31
8,	0.5,	16,	0.00839508,	0.00839508,	7,	30
8,	0.5,	16,	0.00419754,	0.00419754,	8,	30
16,	0.5,	32,	0.268642,	0.268642,	2,	29
16,	0.5,	32,	0.134321,	0.134321,	3,	29
16,	0.5,	32,	0.0671606,	0.0671606,	4,	30
16,	0.5,	32,	0.0335803,	0.0335803,	5,	30
16,	0.5,	32,	0.0167902,	0.0167902,	6,	31
16,	0.5,	32,	0.00839508,	0.00839508,	7,	30
16,	0.5,	32,	0.00419754,	0.00419754,	8,	30
32,	0.5,	64,	0.268642,	0.268642,	2,	28
32,	0.5,	64,	0.134321,	0.134321,	3,	29
32,	0.5,	64,	0.0671606,	0.0671606,	4,	30
32,	0.5,	64,	0.0335803,	0.0335803,	5,	30
32,	0.5,	64,	0.0167902,	0.0167902,	6,	30
32,	0.5,	64,	0.00839508,	0.00839508,	7,	30
32,	0.5,	64,	0.00839508,	0.00839508,	8,	00
64,	0.5,	128,	0.268642,	0.268642,	2,	28
64,	0.5,	128,	0.134321,	0.134321,	3,	29
64,	0.5,	128,	0.0671606,	0.0671606,	4,	30
64,	0.5,	128,	0.0335803,	0.0335803,	5,	30
64,	0.5,	128,	0.0167902,	0.0167902,	6,	30
64,	0.5,	128,	0.0167902,	0.0167902,	7,	00
64,	0.5,	128,	0.0167902,	0.0167902,	8,	00
