1,	0.5,	2,	0.268642,	0.268642,	2,	49
1,	0.5,	2,	0.134321,	0.134321,	3,	47
1,	0.5,	2,	0.0671606,	0.0671606,	4,	47
1,	0.5,	2,	0.0335803,	0.0335803,	5,	45
1,	0.5,	2,	0.0167902,	0.0167902,	6,	43
1,	0.5,	2,	0.00839508,	0.00839508,	7,	40
1,	0.5,	2,	0.00419754,	0.00419754,	8,	37
1,	0.25,	4,	0.268642,	0.268642,	2,	51
1,	0.25,	4,	0.134321,	0.134321,	3,	47
1,	0.25,	4,	0.0671606,	0.0671606,	4,	45
1,	0.25,	4,	0.0335803,	0.0335803,	5,	45
1,	0.25,	4,	0.0167902,	0.0167902,	6,	41
1,	0.25,	4,	0.00839508,	0.00839508,	7,	39
1,	0.25,	4,	0.00419754,	0.00419754,	8,	37
1,	0.125,	8,	0.268642,	0.268642,	2,	51
1,	0.125,	8,	0.134321,	0.134321,	3,	47
1,	0.125,	8,	0.0671606,	0.0671606,	4,	45
1,	0.125,	8,	0.0335803,	0.0335803,	5,	43
1,	0.125,	8,	0.0167902,	0.0167902,	6,	39
1,	0.125,	8,	0.00839508,	0.00839508,	7,	37
1,	0.125,	8,	0.00419754,	0.00419754,	8,	35
1,	0.0625,	16,	0.268642,	0.268642,	2,	51
1,	0.0625,	16,	0.134321,	0.134321,	3,	49
1,	0.0625,	16,	0.0671606,	0.0671606,	4,	45
1,	0.0625,	16,	0.0335803,	0.0335803,	5,	43
1,	0.0625,	16,	0.0167902,	0.0167902,	6,	39
1,	0.0625,	16,	0.00839508,	0.00839508,	7,	37
1,	0.0625,	16,	0.00419754,	0.00419754,	8,	35
1,	0.03125,	32,	0.268642,	0.268642,	2,	51
1,	0.03125,	32,	0.134321,	0.134321,	3,	49
1,	0.03125,	32,	0.0671606,	0.0671606,	4,	45
1,	0.03125,	32,	0.0335803,	0.0335803,	5,	43
1,	0.03125,	32,	0.0167902,	0.0167902,	6,	39
1,	0.03125,	32,	0.00839508,	0.00839508,	7,	37
1,	0.03125,	32,	0.00419754,	0.00419754,	8,	35
1,	0.015625,	64,	0.268642,	0.268642,	2,	49
1,	0.015625,	64,	0.134321,	0.134321,	3,	47
1,	0.015625,	64,	0.0671606,	0.0671606,	4,	45
1,	0.015625,	64,	0.0335803,	0.0335803,	5,	43
1,	0.015625,	64,	0.0167902,	0.0167902,	6,	39
1,	0.015625,	64,	0.00839508,	0.00839508,	7,	37
1,	0.015625,	64,	0.00419754,	0.00419754,	8,	35
1,	0.0078125,	128,	0.268642,	0.268642,	2,	49
1,	0.0078125,	128,	0.134321,	0.134321,	3,	47
1,	0.0078125,	128,	0.0671606,	0.0671606,	4,	47
1,	0.0078125,	128,	0.0335803,	0.0335803,	5,	43
1,	0.0078125,	128,	0.0167902,	0.0167902,	6,	39
1,	0.0078125,	128,	0.00839508,	0.00839508,	7,	37
1,	0.0078125,	128,	0.00419754,	0.00419754,	8,	35
