1,	0.5,	2,	0.268642,	0.268642,	2,	25.5,	1.80116e-10
1,	0.5,	2,	0.134321,	0.134321,	3,	29,	2.11578e-10
1,	0.5,	2,	0.0671606,	0.0671606,	4,	29,	3.29088e-10
1,	0.5,	2,	0.0335803,	0.0335803,	5,	28,	3.90423e-10
1,	0.5,	2,	0.0167902,	0.0167902,	6,	27,	6.62927e-10
1,	0.5,	2,	0.00839508,	0.00839508,	7,	25.5,	8.36373e-10
1,	0.5,	2,	0.00419754,	0.00419754,	8,	24,	1.18269e-09
1,	0.25,	4,	0.268642,	0.268642,	2,	25.25,	9.7235e-11
1,	0.25,	4,	0.134321,	0.134321,	3,	27.25,	1.83022e-10
1,	0.25,	4,	0.0671606,	0.0671606,	4,	27.25,	2.42111e-10
1,	0.25,	4,	0.0335803,	0.0335803,	5,	27.25,	3.07444e-10
1,	0.25,	4,	0.0167902,	0.0167902,	6,	26.25,	4.92338e-10
1,	0.25,	4,	0.00839508,	0.00839508,	7,	25.25,	5.84913e-10
1,	0.25,	4,	0.00419754,	0.00419754,	8,	23.25,	9.47706e-10
1,	0.125,	8,	0.268642,	0.268642,	2,	23.875,	1.07115e-10
1,	0.125,	8,	0.134321,	0.134321,	3,	25.375,	1.44703e-10
1,	0.125,	8,	0.0671606,	0.0671606,	4,	26,	1.98081e-10
1,	0.125,	8,	0.0335803,	0.0335803,	5,	25.875,	2.22057e-10
1,	0.125,	8,	0.0167902,	0.0167902,	6,	25.125,	3.76927e-10
1,	0.125,	8,	0.00839508,	0.00839508,	7,	23.75,	6.34237e-10
1,	0.125,	8,	0.00419754,	0.00419754,	8,	21.625,	7.98656e-10
1,	0.0625,	16,	0.268642,	0.268642,	2,	21.625,	8.94784e-11
1,	0.0625,	16,	0.134321,	0.134321,	3,	22.625,	1.34635e-10
1,	0.0625,	16,	0.0671606,	0.0671606,	4,	24.375,	1.94395e-10
1,	0.0625,	16,	0.0335803,	0.0335803,	5,	23.9375,	2.73751e-10
1,	0.0625,	16,	0.0167902,	0.0167902,	6,	23.3125,	3.94695e-10
1,	0.0625,	16,	0.00839508,	0.00839508,	7,	21.375,	6.16402e-10
1,	0.0625,	16,	0.00419754,	0.00419754,	8,	18.4375,	8.50963e-10
1,	0.03125,	32,	0.268642,	0.268642,	2,	19.9062,	8.77494e-11
1,	0.03125,	32,	0.134321,	0.134321,	3,	21.5938,	1.31463e-10
1,	0.03125,	32,	0.0671606,	0.0671606,	4,	22.0938,	1.87789e-10
1,	0.03125,	32,	0.0335803,	0.0335803,	5,	21.7812,	2.24491e-10
1,	0.03125,	32,	0.0167902,	0.0167902,	6,	21.0625,	3.90437e-10
1,	0.03125,	32,	0.00839508,	0.00839508,	7,	18.1875,	5.6647e-10
1,	0.03125,	32,	0.00419754,	0.00419754,	8,	16.0625,	6.23624e-10
1,	0.015625,	64,	0.268642,	0.268642,	2,	18.9062,	8.18692e-11
1,	0.015625,	64,	0.134321,	0.134321,	3,	19.5312,	1.09209e-10
1,	0.015625,	64,	0.0671606,	0.0671606,	4,	20.0312,	1.81401e-10
1,	0.015625,	64,	0.0335803,	0.0335803,	5,	19.7656,	2.45441e-10
1,	0.015625,	64,	0.0167902,	0.0167902,	6,	17.75,	4.09661e-10
1,	0.015625,	64,	0.00839508,	0.00839508,	7,	15.1875,	5.46187e-10
1,	0.015625,	64,	0.00419754,	0.00419754,	8,	13.5156,	7.78349e-10
1,	0.0078125,	128,	0.268642,	0.268642,	2,	17.7734,	7.77988e-11
1,	0.0078125,	128,	0.134321,	0.134321,	3,	17.6016,	1.21627e-10
1,	0.0078125,	128,	0.0671606,	0.0671606,	4,	17.6719,	1.58691e-10
1,	0.0078125,	128,	0.0335803,	0.0335803,	5,	16.9375,	2.67887e-10
1,	0.0078125,	128,	0.0167902,	0.0167902,	6,	14.4688,	3.80558e-10
1,	0.0078125,	128,	0.00839508,	0.00839508,	7,	12.7578,	4.58632e-10
