1,	0.5,	2,	0.268642,	0.268642,	2,	14
1,	0.5,	2,	0.134321,	0.134321,	3,	21
1,	0.5,	2,	0.0671606,	0.0671606,	4,	16
1,	0.5,	2,	0.0335803,	0.0335803,	5,	18
1,	0.5,	2,	0.0167902,	0.0167902,	6,	16
1,	0.5,	2,	0.00839508,	0.00839508,	7,	19
1,	0.5,	2,	0.00419754,	0.00419754,	8,	13
1,	0.25,	4,	0.268642,	0.268642,	2,	20
1,	0.25,	4,	0.134321,	0.134321,	3,	32
1,	0.25,	4,	0.0671606,	0.0671606,	4,	21
1,	0.25,	4,	0.0335803,	0.0335803,	5,	21
1,	0.25,	4,	0.0167902,	0.0167902,	6,	21
1,	0.25,	4,	0.00839508,	0.00839508,	7,	20
1,	0.25,	4,	0.00419754,	0.00419754,	8,	14
1,	0.125,	8,	0.268642,	0.268642,	2,	33
1,	0.125,	8,	0.134321,	0.134321,	3,	76
1,	0.125,	8,	0.0671606,	0.0671606,	4,	33
1,	0.125,	8,	0.0335803,	0.0335803,	5,	32
1,	0.125,	8,	0.0167902,	0.0167902,	6,	32
1,	0.125,	8,	0.00839508,	0.00839508,	7,	32
1,	0.125,	8,	0.00419754,	0.00419754,	8,	17
1,	0.0625,	16,	0.268642,	0.268642,	2,	58
1,	0.0625,	16,	0.134321,	0.134321,	3,	1000
1,	0.0625,	16,	0.0671606,	0.0671606,	4,	58
1,	0.0625,	16,	0.0335803,	0.0335803,	5,	54
1,	0.0625,	16,	0.0167902,	0.0167902,	6,	50
1,	0.0625,	16,	0.00839508,	0.00839508,	7,	51
1,	0.0625,	16,	0.00419754,	0.00419754,	8,	25
1,	0.03125,	32,	0.268642,	0.268642,	2,	300
1,	0.03125,	32,	0.134321,	0.134321,	3,	1000
1,	0.03125,	32,	0.0671606,	0.0671606,	4,	600
1,	0.03125,	32,	0.0335803,	0.0335803,	5,	198
1,	0.03125,	32,	0.0167902,	0.0167902,	6,	200
1,	0.03125,	32,	0.00839508,	0.00839508,	7,	186
1,	0.03125,	32,	0.00419754,	0.00419754,	8,	34
1,	0.015625,	64,	0.268642,	0.268642,	2,	1000
1,	0.015625,	64,	0.134321,	0.134321,	3,	1000
1,	0.015625,	64,	0.0671606,	0.0671606,	4,	1000
1,	0.015625,	64,	0.0335803,	0.0335803,	5,	1000
1,	0.0078125,	128,	0.268642,	0.268642,	2,	1000
1,	0.0078125,	128,	0.134321,	0.134321,	3,	1000
1,	0.0078125,	128,	0.0671606,	0.0671606,	4,	1000
