1,	0.25,	4,	0.268642,	0.268642,	2,	35
1,	0.25,	4,	0.134321,	0.134321,	3,	35
1,	0.25,	4,	0.0671606,	0.0671606,	4,	33
1,	0.25,	4,	0.0335803,	0.0335803,	5,	9
1,	0.25,	4,	0.0167902,	0.0167902,	6,	31
1,	0.25,	4,	0.00839508,	0.00839508,	7,	29
1,	0.25,	4,	0.00419754,	0.00419754,	8,	28
1,	0.125,	8,	0.268642,	0.268642,	2,	1
1,	0.125,	8,	0.134321,	0.134321,	3,	53
1,	0.125,	8,	0.0671606,	0.0671606,	4,	46
1,	0.125,	8,	0.0335803,	0.0335803,	5,	9
1,	0.125,	8,	0.0167902,	0.0167902,	6,	44
1,	0.125,	8,	0.00839508,	0.00839508,	7,	43
1,	0.125,	8,	0.00419754,	0.00419754,	8,	41
1,	0.0625,	16,	0.268642,	0.268642,	2,	1
1,	0.0625,	16,	0.134321,	0.134321,	3,	175
1,	0.0625,	16,	0.0671606,	0.0671606,	4,	142
1,	0.0625,	16,	0.0335803,	0.0335803,	5,	9
1,	0.0625,	16,	0.0167902,	0.0167902,	6,	139
1,	0.0625,	16,	0.00839508,	0.00839508,	7,	142
1,	0.0625,	16,	0.00419754,	0.00419754,	8,	137
1,	0.03125,	32,	0.268642,	0.268642,	2,	1
1,	0.03125,	32,	0.134321,	0.134321,	3,	17
1,	0.03125,	32,	0.0671606,	0.0671606,	4,	6
1,	0.03125,	32,	0.0167902,	0.0167902,	6,	195
1,	0.03125,	32,	0.00839508,	0.00839508,	7,	200
1,	0.03125,	32,	0.00419754,	0.00419754,	8,	200
1,	0.015625,	64,	0.268642,	0.268642,	2,	1
1,	0.015625,	64,	0.134321,	0.134321,	3,	9
1,	0.015625,	64,	0.0671606,	0.0671606,	4,	7
1,	0.015625,	64,	0.0167902,	0.0167902,	6,	195
1,	0.015625,	64,	0.00839508,	0.00839508,	7,	200
1,	0.015625,	64,	0.00419754,	0.00419754,	8,	200
1,	0.0078125,	128,	0.268642,	0.268642,	2,	1
1,	0.0078125,	128,	0.134321,	0.134321,	3,	9
1,	0.0078125,	128,	0.0671606,	0.0671606,	4,	195
1,	0.0078125,	128,	0.0167902,	0.0167902,	6,	194
1,	0.25,	4,	0.268642,	0.268642,	2,	31
1,	0.25,	4,	0.134321,	0.134321,	3,	31
1,	0.25,	4,	0.0671606,	0.0671606,	4,	30
1,	0.25,	4,	0.0335803,	0.0335803,	5,	29
1,	0.25,	4,	0.0167902,	0.0167902,	6,	28
1,	0.25,	4,	0.00839508,	0.00839508,	7,	26
1,	0.25,	4,	0.00419754,	0.00419754,	8,	25
1,	0.125,	8,	0.268642,	0.268642,	2,	37
1,	0.125,	8,	0.134321,	0.134321,	3,	38
1,	0.125,	8,	0.0671606,	0.0671606,	4,	38
1,	0.125,	8,	0.0335803,	0.0335803,	5,	35
1,	0.125,	8,	0.0167902,	0.0167902,	6,	35
1,	0.125,	8,	0.00839508,	0.00839508,	7,	34
1,	0.125,	8,	0.00419754,	0.00419754,	8,	32
1,	0.0625,	16,	0.268642,	0.268642,	2,	114
1,	0.0625,	16,	0.134321,	0.134321,	3,	122
1,	0.0625,	16,	0.0671606,	0.0671606,	4,	68
1,	0.0625,	16,	0.0335803,	0.0335803,	5,	119
1,	0.0625,	16,	0.0167902,	0.0167902,	6,	125
1,	0.0625,	16,	0.00839508,	0.00839508,	7,	122
1,	0.0625,	16,	0.00419754,	0.00419754,	8,	119
1,	0.03125,	32,	0.268642,	0.268642,	2,	200
1,	0.03125,	32,	0.134321,	0.134321,	3,	200
1,	0.03125,	32,	0.0671606,	0.0671606,	4,	200
1,	0.03125,	32,	0.0335803,	0.0335803,	5,	200
1,	0.03125,	32,	0.0167902,	0.0167902,	6,	200
1,	0.03125,	32,	0.00839508,	0.00839508,	7,	200
1,	0.03125,	32,	0.00419754,	0.00419754,	8,	200
1,	0.015625,	64,	0.268642,	0.268642,	2,	200
1,	0.015625,	64,	0.134321,	0.134321,	3,	200
1,	0.015625,	64,	0.0671606,	0.0671606,	4,	200
1,	0.015625,	64,	0.0335803,	0.0335803,	5,	200
1,	0.015625,	64,	0.0167902,	0.0167902,	6,	200
