1,	0.5,	2,	0.268642,	0.268642,	2,	21,	2.78857e-10
1,	0.5,	2,	0.134321,	0.134321,	3,	22.5,	2.18747e-10
1,	0.5,	2,	0.0671606,	0.0671606,	4,	22,	3.62224e-10
1,	0.5,	2,	0.0335803,	0.0335803,	5,	20.5,	5.4907e-10
1,	0.5,	2,	0.0167902,	0.0167902,	6,	19.5,	5.21697e-10
1,	0.5,	2,	0.00839508,	0.00839508,	7,	19,	1.11428e-09
1,	0.5,	2,	0.00419754,	0.00419754,	8,	18.5,	1.27207e-09
1,	0.25,	4,	0.268642,	0.268642,	2,	21.5,	1.22839e-10
1,	0.25,	4,	0.134321,	0.134321,	3,	22,	2.59678e-10
1,	0.25,	4,	0.0671606,	0.0671606,	4,	22,	2.88502e-10
1,	0.25,	4,	0.0335803,	0.0335803,	5,	19.5,	6.86775e-10
1,	0.25,	4,	0.0167902,	0.0167902,	6,	19,	1.07496e-09
1,	0.25,	4,	0.00839508,	0.00839508,	7,	19,	1.19713e-09
1,	0.25,	4,	0.00419754,	0.00419754,	8,	18,	2.39834e-09
1,	0.125,	8,	0.268642,	0.268642,	2,	19.625,	2.8316e-10
1,	0.125,	8,	0.134321,	0.134321,	3,	20.625,	5.05097e-10
1,	0.125,	8,	0.0671606,	0.0671606,	4,	19.75,	4.99895e-10
1,	0.125,	8,	0.0335803,	0.0335803,	5,	18.125,	9.08142e-10
1,	0.125,	8,	0.0167902,	0.0167902,	6,	18,	1.2366e-09
1,	0.125,	8,	0.00839508,	0.00839508,	7,	18.125,	1.15734e-09
1,	0.125,	8,	0.00419754,	0.00419754,	8,	17.25,	1.93595e-09
1,	0.0625,	16,	0.268642,	0.268642,	2,	18.75,	4.2786e-10
1,	0.0625,	16,	0.134321,	0.134321,	3,	19.0625,	5.8859e-10
1,	0.0625,	16,	0.0671606,	0.0671606,	4,	18.0625,	8.62811e-10
1,	0.0625,	16,	0.0335803,	0.0335803,	5,	18,	1.1119e-09
1,	0.0625,	16,	0.0167902,	0.0167902,	6,	18,	1.05808e-09
1,	0.0625,	16,	0.00839508,	0.00839508,	7,	17.25,	2.70131e-09
1,	0.0625,	16,	0.00419754,	0.00419754,	8,	16.4375,	3.28488e-09
1,	0.03125,	32,	0.268642,	0.268642,	2,	17.125,	6.2138e-10
1,	0.03125,	32,	0.134321,	0.134321,	3,	16.3438,	6.67016e-10
1,	0.03125,	32,	0.0671606,	0.0671606,	4,	16.9375,	7.84333e-10
1,	0.03125,	32,	0.0335803,	0.0335803,	5,	17,	9.34593e-10
1,	0.03125,	32,	0.0167902,	0.0167902,	6,	16.4375,	2.58736e-09
1,	0.03125,	32,	0.00839508,	0.00839508,	7,	16.0312,	2.68926e-09
1,	0.03125,	32,	0.00419754,	0.00419754,	8,	14.4375,	4.61337e-09
1,	0.015625,	64,	0.268642,	0.268642,	2,	14.3906,	1.02485e-09
1,	0.015625,	64,	0.134321,	0.134321,	3,	14.9688,	8.8104e-10
1,	0.015625,	64,	0.0671606,	0.0671606,	4,	15.1875,	1.54431e-09

1,	0.015625,	64,	0.0167902,	0.0167902,	6,	15.1094,	2.4149e-09
1,	0.015625,	64,	0.00839508,	0.00839508,	7,	13.8125,	5.24969e-09

1,	0.0078125,	128,	0.268642,	0.268642,	2,	11.0078,	1.23759e-09
1,	0.0078125,	128,	0.134321,	0.134321,	3,	13.7891,	6.49446e-10

1,	0.0078125,	128,	0.0335803,	0.0335803,	5,	14,	1.98265e-09
1,	0.0078125,	128,	0.0167902,	0.0167902,	6,	13.375,	3.69513e-09
1,	0.0078125,	128,	0.00839508,	0.00839508,	7,	11.2266,	6.9913e-09
1,	0.0078125,	128,	0.00419754,	0.00419754,	8,	9.5234,	6.7424e-09
