1,	0.5,	2,	0.268642,	0.268642,	2,	56
1,	0.5,	2,	0.134321,	0.134321,	3,	55
1,	0.5,	2,	0.0671606,	0.0671606,	4,	52
1,	0.5,	2,	0.0335803,	0.0335803,	5,	51
1,	0.5,	2,	0.0167902,	0.0167902,	6,	50
1,	0.5,	2,	0.00839508,	0.00839508,	7,	49
1,	0.5,	2,	0.00419754,	0.00419754,	8,	48
1,	0.25,	4,	0.268642,	0.268642,	2,	57
1,	0.25,	4,	0.134321,	0.134321,	3,	55
1,	0.25,	4,	0.0671606,	0.0671606,	4,	51
1,	0.25,	4,	0.0335803,	0.0335803,	5,	51
1,	0.25,	4,	0.0167902,	0.0167902,	6,	49
1,	0.25,	4,	0.00839508,	0.00839508,	7,	47
1,	0.25,	4,	0.00419754,	0.00419754,	8,	45
1,	0.125,	8,	0.268642,	0.268642,	2,	57
1,	0.125,	8,	0.134321,	0.134321,	3,	57
1,	0.125,	8,	0.0671606,	0.0671606,	4,	53
1,	0.125,	8,	0.0335803,	0.0335803,	5,	51
1,	0.125,	8,	0.0167902,	0.0167902,	6,	49
1,	0.125,	8,	0.00839508,	0.00839508,	7,	47
1,	0.125,	8,	0.00419754,	0.00419754,	8,	45
1,	0.0625,	16,	0.268642,	0.268642,	2,	59
1,	0.0625,	16,	0.134321,	0.134321,	3,	58
1,	0.0625,	16,	0.0671606,	0.0671606,	4,	55
1,	0.0625,	16,	0.0335803,	0.0335803,	5,	53
1,	0.0625,	16,	0.0167902,	0.0167902,	6,	51
1,	0.0625,	16,	0.00839508,	0.00839508,	7,	49
1,	0.0625,	16,	0.00419754,	0.00419754,	8,	45
1,	0.03125,	32,	0.268642,	0.268642,	2,	59
1,	0.03125,	32,	0.134321,	0.134321,	3,	59
1,	0.03125,	32,	0.0671606,	0.0671606,	4,	56
1,	0.03125,	32,	0.0335803,	0.0335803,	5,	53
1,	0.03125,	32,	0.0167902,	0.0167902,	6,	52
1,	0.03125,	32,	0.00839508,	0.00839508,	7,	49
1,	0.03125,	32,	0.00419754,	0.00419754,	8,	47
1,	0.015625,	64,	0.268642,	0.268642,	2,	62
1,	0.015625,	64,	0.134321,	0.134321,	3,	58
1,	0.015625,	64,	0.0671606,	0.0671606,	4,	56
1,	0.015625,	64,	0.0335803,	0.0335803,	5,	55
1,	0.015625,	64,	0.0167902,	0.0167902,	6,	53
1,	0.015625,	64,	0.00839508,	0.00839508,	7,	50
1,	0.015625,	64,	0.00419754,	0.00419754,	8,	47
1,	0.0078125,	128,	0.268642,	0.268642,	2,	60
1,	0.0078125,	128,	0.134321,	0.134321,	3,	48
1,	0.0078125,	128,	0.0671606,	0.0671606,	4,	46
1,	0.0078125,	128,	0.0335803,	0.0335803,	5,	45
1,	0.0078125,	128,	0.0167902,	0.0167902,	6,	41
1,	0.0078125,	128,	0.00839508,	0.00839508,	7,	37
