1,	0.5,	2,	0.268642,	0.268642,	2,	32
1,	0.5,	2,	0.134321,	0.134321,	3,	31
1,	0.5,	2,	0.0671606,	0.0671606,	4,	30
1,	0.5,	2,	0.0335803,	0.0335803,	5,	30
1,	0.5,	2,	0.0167902,	0.0167902,	6,	30
1,	0.5,	2,	0.00839508,	0.00839508,	7,	38
1,	0.5,	2,	0.00419754,	0.00419754,	8,	46
1,	0.25,	4,	0.268642,	0.268642,	2,	43
1,	0.25,	4,	0.134321,	0.134321,	3,	32
1,	0.25,	4,	0.0671606,	0.0671606,	4,	30
1,	0.25,	4,	0.0335803,	0.0335803,	5,	30
1,	0.25,	4,	0.0167902,	0.0167902,	6,	37
1,	0.25,	4,	0.00839508,	0.00839508,	7,	48
1,	0.25,	4,	0.00419754,	0.00419754,	8,	67
1,	0.125,	8,	0.268642,	0.268642,	2,	44
1,	0.125,	8,	0.134321,	0.134321,	3,	34
1,	0.125,	8,	0.0671606,	0.0671606,	4,	31
1,	0.125,	8,	0.0335803,	0.0335803,	5,	31
1,	0.125,	8,	0.0167902,	0.0167902,	6,	39
1,	0.125,	8,	0.00839508,	0.00839508,	7,	51
1,	0.125,	8,	0.00419754,	0.00419754,	8,	136
1,	0.0625,	16,	0.268642,	0.268642,	2,	52
1,	0.0625,	16,	0.134321,	0.134321,	3,	117
1,	0.0625,	16,	0.0671606,	0.0671606,	4,	70
1,	0.0625,	16,	0.0335803,	0.0335803,	5,	107
1,	0.0625,	16,	0.0167902,	0.0167902,	6,	35
1,	0.0625,	16,	0.00839508,	0.00839508,	7,	149
1,	0.0625,	16,	0.00419754,	0.00419754,	8,	200
1,	0.03125,	32,	0.268642,	0.268642,	2,	110
1,	0.03125,	32,	0.134321,	0.134321,	3,	143
1,	0.03125,	32,	0.0671606,	0.0671606,	4,	38
1,	0.03125,	32,	0.0335803,	0.0335803,	5,	44
1,	0.03125,	32,	0.0167902,	0.0167902,	6,	120
1,	0.03125,	32,	0.00839508,	0.00839508,	7,	200
