1,	0.5,	2,	0.268642,	0.268642,	2,	27
1,	0.5,	2,	0.134321,	0.134321,	3,	28
1,	0.5,	2,	0.0671606,	0.0671606,	4,	28
1,	0.5,	2,	0.0335803,	0.0335803,	5,	29
1,	0.5,	2,	0.0167902,	0.0167902,	6,	29
1,	0.5,	2,	0.00839508,	0.00839508,	7,	30
1,	0.5,	2,	0.00419754,	0.00419754,	8,	30
1,	0.25,	4,	0.268642,	0.268642,	2,	32
1,	0.25,	4,	0.134321,	0.134321,	3,	33
1,	0.25,	4,	0.0671606,	0.0671606,	4,	31
1,	0.25,	4,	0.0335803,	0.0335803,	5,	30
1,	0.25,	4,	0.0167902,	0.0167902,	6,	31
1,	0.25,	4,	0.00839508,	0.00839508,	7,	31
1,	0.25,	4,	0.00419754,	0.00419754,	8,	30
1,	0.125,	8,	0.268642,	0.268642,	2,	41
1,	0.125,	8,	0.134321,	0.134321,	3,	38
1,	0.125,	8,	0.0671606,	0.0671606,	4,	36
1,	0.125,	8,	0.0335803,	0.0335803,	5,	34
1,	0.125,	8,	0.0167902,	0.0167902,	6,	34
1,	0.125,	8,	0.00839508,	0.00839508,	7,	34
1,	0.125,	8,	0.00419754,	0.00419754,	8,	34
1,	0.0625,	16,	0.268642,	0.268642,	2,	56
1,	0.0625,	16,	0.134321,	0.134321,	3,	49
1,	0.0625,	16,	0.0671606,	0.0671606,	4,	44
1,	0.0625,	16,	0.0335803,	0.0335803,	5,	44
1,	0.0625,	16,	0.0167902,	0.0167902,	6,	41
1,	0.0625,	16,	0.00839508,	0.00839508,	7,	40
1,	0.0625,	16,	0.00419754,	0.00419754,	8,	38
1,	0.03125,	32,	0.268642,	0.268642,	2,	94
1,	0.03125,	32,	0.134321,	0.134321,	3,	76
1,	0.03125,	32,	0.0671606,	0.0671606,	4,	70
1,	0.03125,	32,	0.0335803,	0.0335803,	5,	64
1,	0.03125,	32,	0.0167902,	0.0167902,	6,	60
1,	0.03125,	32,	0.00839508,	0.00839508,	7,	57
1,	0.03125,	32,	0.00419754,	0.00419754,	8,	53
1,	0.015625,	64,	0.268642,	0.268642,	2,	190
1,	0.015625,	64,	0.134321,	0.134321,	3,	155
1,	0.015625,	64,	0.0671606,	0.0671606,	4,	125
1,	0.015625,	64,	0.0335803,	0.0335803,	5,	109
1,	0.015625,	64,	0.0167902,	0.0167902,	6,	97
1,	0.015625,	64,	0.0167902,	0.0167902,	7,	00
1,	0.015625,	64,	0.0167902,	0.0167902,	8,	00
1,	0.0078125,	128,	0.268642,	0.268642,	2,	200
1,	0.0078125,	128,	0.134321,	0.134321,	3,	200
1,	0.0078125,	128,	0.0671606,	0.0671606,	4,	200
1,	0.0078125,	128,	0.0335803,	0.0335803,	5,	197
1,	0.0078125,	128,	0.0335803,	0.0335803,	6,	00
1,	0.0078125,	128,	0.0335803,	0.0335803,	7,	00
1,	0.0078125,	128,	0.0335803,	0.0335803,	8,	00
1,	0.5,	2,	0.537285,	0.537285,	1,	20
1,	0.5,	2,	0.537285,	0.537285,	1,	19
1,	0.5,	2,	0.537285,	0.537285,	1,	20
2,	1,	2,	0.537285,	0.537285,	1,	18
1,	0.5,	2,	0.537285,	0.537285,	1,	20
0.5,	0.25,	2,	0.537285,	0.537285,	1,	19
0.05,	0.025,	2,	0.537285,	0.537285,	1,	30
0.005,	0.0025,	2,	0.537285,	0.537285,	1,	108
0.1,	0.05,	2,	0.537285,	0.537285,	1,	23
1,	0.5,	2,	0.537285,	0.537285,	1,	20
2,	1,	2,	0.537285,	0.537285,	1,	18
5,	2.5,	2,	0.537285,	0.537285,	1,	17
50,	25,	2,	0.537285,	0.537285,	1,	18
1,	0.5,	2,	0.537285,	0.537285,	1,	20
1,	0.0625,	16,	0.537285,	0.537285,	1,	120
1,	0.0625,	16,	0.537285,	0.537285,	1,	60
1,	0.0625,	16,	0.537285,	0.537285,	1,	60
1,	0.03125,	32,	0.537285,	0.537285,	1,	122
1,	0.015625,	64,	0.537285,	0.537285,	1,	200
1,	0.0625,	16,	0.537285,	0.537285,	1,	60
2,	0.125,	16,	0.537285,	0.537285,	1,	48
3,	0.1875,	16,	0.537285,	0.537285,	1,	39
10,	0.625,	16,	0.537285,	0.537285,	1,	28
100,	6.25,	16,	0.537285,	0.537285,	1,	24
1,	0.0625,	16,	0.537285,	0.537285,	1,	60
1,	0.5,	2,	0.537285,	0.537285,	1,	20
16,	0.5,	32,	0.537285,	0.537285,	1,	36
16,	0.5,	32,	0.0335803,	0.0335803,	5,	32
16,	2,	8,	0.0335803,	0.0335803,	5,	29
1,	0.03125,	32,	0.0335803,	0.0335803,	5,	131
