1,	0.5,	2,	0.268642,	0.268642,	2,	13
1,	0.5,	2,	0.134321,	0.134321,	3,	13
1,	0.5,	2,	0.0671606,	0.0671606,	4,	12
1,	0.5,	2,	0.0335803,	0.0335803,	5,	13
1,	0.5,	2,	0.0167902,	0.0167902,	6,	13
1,	0.5,	2,	0.00839508,	0.00839508,	7,	13
1,	0.5,	2,	0.00419754,	0.00419754,	8,	13
1,	0.25,	4,	0.268642,	0.268642,	2,	14
1,	0.25,	4,	0.134321,	0.134321,	3,	13
1,	0.25,	4,	0.0671606,	0.0671606,	4,	13
1,	0.25,	4,	0.0335803,	0.0335803,	5,	13
1,	0.25,	4,	0.0167902,	0.0167902,	6,	13
1,	0.25,	4,	0.00839508,	0.00839508,	7,	13
1,	0.25,	4,	0.00419754,	0.00419754,	8,	13
1,	0.125,	8,	0.268642,	0.268642,	2,	16
1,	0.125,	8,	0.134321,	0.134321,	3,	13
1,	0.125,	8,	0.0671606,	0.0671606,	4,	14
1,	0.125,	8,	0.0335803,	0.0335803,	5,	15
1,	0.125,	8,	0.0167902,	0.0167902,	6,	15
1,	0.125,	8,	0.00839508,	0.00839508,	7,	15
1,	0.125,	8,	0.00419754,	0.00419754,	8,	15
1,	0.0625,	16,	0.268642,	0.268642,	2,	18
1,	0.0625,	16,	0.134321,	0.134321,	3,	16
1,	0.0625,	16,	0.0671606,	0.0671606,	4,	15
1,	0.0625,	16,	0.0335803,	0.0335803,	5,	17
1,	0.0625,	16,	0.0167902,	0.0167902,	6,	18
1,	0.0625,	16,	0.00839508,	0.00839508,	7,	18
1,	0.0625,	16,	0.00419754,	0.00419754,	8,	18
1,	0.03125,	32,	0.268642,	0.268642,	2,	22
1,	0.03125,	32,	0.134321,	0.134321,	3,	19
1,	0.03125,	32,	0.0671606,	0.0671606,	4,	19
1,	0.03125,	32,	0.0335803,	0.0335803,	5,	22
1,	0.03125,	32,	0.0167902,	0.0167902,	6,	22
1,	0.03125,	32,	0.00839508,	0.00839508,	7,	24
1,	0.03125,	32,	0.00419754,	0.00419754,	8,	24
1,	0.015625,	64,	0.268642,	0.268642,	2,	68
1,	0.015625,	64,	0.134321,	0.134321,	3,	22
1,	0.015625,	64,	0.0671606,	0.0671606,	4,	27
1,	0.015625,	64,	0.0335803,	0.0335803,	5,	28
1,	0.015625,	64,	0.0167902,	0.0167902,	6,	110
1,	0.015625,	64,	0.00839508,	0.00839508,	7,	00
1,	0.015625,	64,	0.00419754,	0.00419754,	8,	00
1,	0.0078125,	128,	0.268642,	0.268642,	2,	30
1,	0.0078125,	128,	0.134321,	0.134321,	3,	111
1,	0.0078125,	128,	0.0671606,	0.0671606,	4,	119
1,	0.0078125,	128,	0.0335803,	0.0335803,	5,	123
1,	0.0078125,	128,	0.0167902,	0.0167902,	6,	111
