1,	0.5,	2,	0.134321,	0.134321,	3,	200
1,	0.5,	2,	0.0671606,	0.0671606,	4,	200
1,	0.5,	2,	0.0335803,	0.0335803,	5,	200
1,	0.5,	2,	0.0167902,	0.0167902,	6,	200
1,	0.5,	2,	0.00839508,	0.00839508,	7,	85
1,	0.5,	2,	0.00419754,	0.00419754,	8,	52
1,	0.25,	4,	0.134321,	0.134321,	3,	200
1,	0.25,	4,	0.0671606,	0.0671606,	4,	200
1,	0.25,	4,	0.0335803,	0.0335803,	5,	200
1,	0.25,	4,	0.00839508,	0.00839508,	7,	95
1,	0.25,	4,	0.00419754,	0.00419754,	8,	60
1,	0.125,	8,	0.134321,	0.134321,	3,	200
1,	0.125,	8,	0.0671606,	0.0671606,	4,	200
1,	0.125,	8,	0.0335803,	0.0335803,	5,	200
1,	0.125,	8,	0.00839508,	0.00839508,	7,	114
1,	0.125,	8,	0.00419754,	0.00419754,	8,	69
1,	0.0625,	16,	0.00419754,	0.00419754,	8,	78
1,	0.03125,	32,	0.00419754,	0.00419754,	8,	85
