1,	0.5,	2,	0.268642,	0.268642,	2,	30
1,	0.5,	2,	0.134321,	0.134321,	3,	60
1,	0.5,	2,	0.0671606,	0.0671606,	4,	29
1,	0.5,	2,	0.0335803,	0.0335803,	5,	29
1,	0.5,	2,	0.0167902,	0.0167902,	6,	30
1,	0.5,	2,	0.00839508,	0.00839508,	7,	29
1,	0.5,	2,	0.00419754,	0.00419754,	8,	23
1,	0.25,	4,	0.268642,	0.268642,	2,	40
1,	0.25,	4,	0.134321,	0.134321,	3,	600
1,	0.25,	4,	0.0671606,	0.0671606,	4,	39
1,	0.25,	4,	0.0335803,	0.0335803,	5,	42
1,	0.25,	4,	0.0167902,	0.0167902,	6,	41
1,	0.25,	4,	0.00839508,	0.00839508,	7,	40
1,	0.25,	4,	0.00419754,	0.00419754,	8,	25
1,	0.125,	8,	0.268642,	0.268642,	2,	146
1,	0.125,	8,	0.134321,	0.134321,	3,	1000
1,	0.125,	8,	0.0671606,	0.0671606,	4,	63
1,	0.125,	8,	0.0335803,	0.0335803,	5,	86
1,	0.125,	8,	0.0167902,	0.0167902,	6,	154
1,	0.125,	8,	0.00839508,	0.00839508,	7,	156
1,	0.125,	8,	0.00419754,	0.00419754,	8,	29
1,	0.0625,	16,	0.268642,	0.268642,	2,	182
1,	0.0625,	16,	0.134321,	0.134321,	3,	1000
1,	0.0625,	16,	0.0671606,	0.0671606,	4,	186
1,	0.0625,	16,	0.0335803,	0.0335803,	5,	182
1,	0.0625,	16,	0.0167902,	0.0167902,	6,	196
1,	0.0625,	16,	0.00839508,	0.00839508,	7,	800
1,	0.0625,	16,	0.00419754,	0.00419754,	8,	41
1,	0.03125,	32,	0.268642,	0.268642,	2,	1000
1,	0.03125,	32,	0.134321,	0.134321,	3,	1000
1,	0.03125,	32,	0.0671606,	0.0671606,	4,	1000
1,	0.03125,	32,	0.0335803,	0.0335803,	5,	800
