1,	0.5,	2,	0.268642,	0.268642,	2,	25
1,	0.5,	2,	0.134321,	0.134321,	3,	25
1,	0.5,	2,	0.0671606,	0.0671606,	4,	26
1,	0.5,	2,	0.0335803,	0.0335803,	5,	26
1,	0.5,	2,	0.0167902,	0.0167902,	6,	31
1,	0.5,	2,	0.00839508,	0.00839508,	7,	55
1,	0.5,	2,	0.00419754,	0.00419754,	8,	74
1,	0.25,	4,	0.268642,	0.268642,	2,	28
1,	0.25,	4,	0.134321,	0.134321,	3,	27
1,	0.25,	4,	0.0671606,	0.0671606,	4,	27
1,	0.25,	4,	0.0335803,	0.0335803,	5,	32
1,	0.25,	4,	0.0167902,	0.0167902,	6,	42
1,	0.25,	4,	0.00839508,	0.00839508,	7,	94
1,	0.25,	4,	0.00419754,	0.00419754,	8,	154
1,	0.125,	8,	0.268642,	0.268642,	2,	31
1,	0.125,	8,	0.134321,	0.134321,	3,	29
1,	0.125,	8,	0.0671606,	0.0671606,	4,	30
1,	0.125,	8,	0.0335803,	0.0335803,	5,	37
1,	0.125,	8,	0.0167902,	0.0167902,	6,	62
1,	0.125,	8,	0.00839508,	0.00839508,	7,	181
1,	0.125,	8,	0.00419754,	0.00419754,	8,	200
1,	0.0625,	16,	0.268642,	0.268642,	2,	32
1,	0.0625,	16,	0.134321,	0.134321,	3,	36
1,	0.0625,	16,	0.0671606,	0.0671606,	4,	34
1,	0.0625,	16,	0.0335803,	0.0335803,	5,	44
1,	0.0625,	16,	0.0167902,	0.0167902,	6,	147
1,	0.0625,	16,	0.00839508,	0.00839508,	7,	200
1,	0.0625,	16,	0.00419754,	0.00419754,	8,	200
1,	0.03125,	32,	0.268642,	0.268642,	2,	106
1,	0.03125,	32,	0.134321,	0.134321,	3,	100
1,	0.03125,	32,	0.0671606,	0.0671606,	4,	31
1,	0.03125,	32,	0.0335803,	0.0335803,	5,	49
1,	0.03125,	32,	0.0167902,	0.0167902,	6,	200
1,	0.03125,	32,	0.00839508,	0.00839508,	7,	200
1,	0.03125,	32,	0.00419754,	0.00419754,	8,	200
1,	0.015625,	64,	0.268642,	0.268642,	2,	55
1,	0.015625,	64,	0.134321,	0.134321,	3,	112
1,	0.015625,	64,	0.0671606,	0.0671606,	4,	135
1,	0.015625,	64,	0.0335803,	0.0335803,	5,	121
1,	0.015625,	64,	0.0167902,	0.0167902,	6,	200
1,	0.015625,	64,	0.00839508,	0.00839508,	7,	200
1,	0.015625,	64,	0.00419754,	0.00419754,	8,	200
1,	0.0078125,	128,	0.268642,	0.268642,	2,	108
1,	0.0078125,	128,	0.134321,	0.134321,	3,	115
1,	0.0078125,	128,	0.0671606,	0.0671606,	4,	200
1,	0.0078125,	128,	0.0335803,	0.0335803,	5,	121
1,	0.0078125,	128,	0.0167902,	0.0167902,	6,	200
1,	0.0078125,	128,	0.00839508,	0.00839508,	7,	200
1,	0.0078125,	128,	0.00419754,	0.00419754,	8,	200
