1,	0.5,	2,	0.268642,	0.268642,	2,	14
1,	0.5,	2,	0.134321,	0.134321,	3,	21
1,	0.5,	2,	0.0671606,	0.0671606,	4,	15
1,	0.5,	2,	0.0335803,	0.0335803,	5,	15
1,	0.5,	2,	0.0167902,	0.0167902,	6,	16
1,	0.5,	2,	0.00839508,	0.00839508,	7,	17
1,	0.5,	2,	0.00419754,	0.00419754,	8,	13
1,	0.25,	4,	0.268642,	0.268642,	2,	23
1,	0.25,	4,	0.134321,	0.134321,	3,	27
1,	0.25,	4,	0.0671606,	0.0671606,	4,	22
1,	0.25,	4,	0.0335803,	0.0335803,	5,	21
1,	0.25,	4,	0.0167902,	0.0167902,	6,	21
1,	0.25,	4,	0.00839508,	0.00839508,	7,	20
1,	0.25,	4,	0.00419754,	0.00419754,	8,	14
1,	0.125,	8,	0.268642,	0.268642,	2,	36
1,	0.125,	8,	0.134321,	0.134321,	3,	68
1,	0.125,	8,	0.0671606,	0.0671606,	4,	35
1,	0.125,	8,	0.0335803,	0.0335803,	5,	33
1,	0.125,	8,	0.0167902,	0.0167902,	6,	30
1,	0.125,	8,	0.00839508,	0.00839508,	7,	35
1,	0.125,	8,	0.00419754,	0.00419754,	8,	17
1,	0.0625,	16,	0.268642,	0.268642,	2,	61
1,	0.0625,	16,	0.134321,	0.134321,	3,	800
1,	0.0625,	16,	0.0671606,	0.0671606,	4,	57
1,	0.0625,	16,	0.0335803,	0.0335803,	5,	52
1,	0.0625,	16,	0.0167902,	0.0167902,	6,	55
1,	0.0625,	16,	0.00839508,	0.00839508,	7,	50
1,	0.0625,	16,	0.00419754,	0.00419754,	8,	25
1,	0.03125,	32,	0.268642,	0.268642,	2,	700
1,	0.03125,	32,	0.134321,	0.134321,	3,	1000
1,	0.03125,	32,	0.0671606,	0.0671606,	4,	700
1,	0.03125,	32,	0.0335803,	0.0335803,	5,	196
1,	0.03125,	32,	0.0167902,	0.0167902,	6,	91
1,	0.03125,	32,	0.00839508,	0.00839508,	7,	100
1,	0.03125,	32,	0.00419754,	0.00419754,	8,	34
1,	0.015625,	64,	0.268642,	0.268642,	2,	1000
1,	0.015625,	64,	0.134321,	0.134321,	3,	1000
1,	0.015625,	64,	0.0671606,	0.0671606,	4,	1000
1,	0.015625,	64,	0.0335803,	0.0335803,	5,	1000
1,	0.5,	2,	0.268642,	0.268642,	2,	13
1,	0.5,	2,	0.134321,	0.134321,	3,	19
1,	0.5,	2,	0.0671606,	0.0671606,	4,	13
1,	0.5,	2,	0.0335803,	0.0335803,	5,	15
1,	0.5,	2,	0.0167902,	0.0167902,	6,	16
1,	0.5,	2,	0.00839508,	0.00839508,	7,	15
1,	0.5,	2,	0.00419754,	0.00419754,	8,	13
1,	0.25,	4,	0.268642,	0.268642,	2,	15
1,	0.25,	4,	0.134321,	0.134321,	3,	21
1,	0.25,	4,	0.0671606,	0.0671606,	4,	18
1,	0.25,	4,	0.0335803,	0.0335803,	5,	19
1,	0.25,	4,	0.0167902,	0.0167902,	6,	19
1,	0.25,	4,	0.00839508,	0.00839508,	7,	19
1,	0.25,	4,	0.00419754,	0.00419754,	8,	14
1,	0.125,	8,	0.268642,	0.268642,	2,	28
1,	0.125,	8,	0.134321,	0.134321,	3,	29
1,	0.125,	8,	0.0671606,	0.0671606,	4,	25
1,	0.125,	8,	0.0335803,	0.0335803,	5,	27
1,	0.125,	8,	0.0167902,	0.0167902,	6,	25
