1,	0.5,	2,	0.268642,	0.268642,	2,	32
1,	0.5,	2,	0.134321,	0.134321,	3,	31
1,	0.5,	2,	0.0671606,	0.0671606,	4,	30
1,	0.5,	2,	0.0335803,	0.0335803,	5,	30
1,	0.5,	2,	0.0167902,	0.0167902,	6,	30
1,	0.5,	2,	0.00839508,	0.00839508,	7,	38
1,	0.5,	2,	0.00419754,	0.00419754,	8,	46
2,	0.5,	4,	0.268642,	0.268642,	2,	37
2,	0.5,	4,	0.134321,	0.134321,	3,	36
2,	0.5,	4,	0.0671606,	0.0671606,	4,	35
2,	0.5,	4,	0.0335803,	0.0335803,	5,	34
2,	0.5,	4,	0.0167902,	0.0167902,	6,	35
2,	0.5,	4,	0.00839508,	0.00839508,	7,	46
2,	0.5,	4,	0.00419754,	0.00419754,	8,	57
4,	0.5,	8,	0.268642,	0.268642,	2,	43
4,	0.5,	8,	0.134321,	0.134321,	3,	42
4,	0.5,	8,	0.0671606,	0.0671606,	4,	41
4,	0.5,	8,	0.0335803,	0.0335803,	5,	41
4,	0.5,	8,	0.0167902,	0.0167902,	6,	42
4,	0.5,	8,	0.00839508,	0.00839508,	7,	57
4,	0.5,	8,	0.00419754,	0.00419754,	8,	71
8,	0.5,	16,	0.268642,	0.268642,	2,	55
8,	0.5,	16,	0.134321,	0.134321,	3,	54
8,	0.5,	16,	0.0671606,	0.0671606,	4,	53
8,	0.5,	16,	0.0335803,	0.0335803,	5,	54
8,	0.5,	16,	0.0167902,	0.0167902,	6,	56
8,	0.5,	16,	0.00839508,	0.00839508,	7,	76
8,	0.5,	16,	0.00419754,	0.00419754,	8,	95
16,	0.5,	32,	0.268642,	0.268642,	2,	77
16,	0.5,	32,	0.134321,	0.134321,	3,	77
16,	0.5,	32,	0.0671606,	0.0671606,	4,	77
16,	0.5,	32,	0.0335803,	0.0335803,	5,	79
16,	0.5,	32,	0.0167902,	0.0167902,	6,	82
16,	0.5,	32,	0.00839508,	0.00839508,	7,	117
16,	0.5,	32,	0.00419754,	0.00419754,	8,	184
32,	0.5,	64,	0.268642,	0.268642,	2,	167
32,	0.5,	64,	0.134321,	0.134321,	3,	170
32,	0.5,	64,	0.0671606,	0.0671606,	4,	187
32,	0.5,	64,	0.0335803,	0.0335803,	5,	180
32,	0.5,	64,	0.0167902,	0.0167902,	6,	195
32,	0.5,	64,	0.00839508,	0.00839508,	7,	200
