1,	0.5,	2,	0.268642,	0.268642,	2,	14
1,	0.5,	2,	0.134321,	0.134321,	3,	14
1,	0.5,	2,	0.0671606,	0.0671606,	4,	13
1,	0.5,	2,	0.0335803,	0.0335803,	5,	13
1,	0.5,	2,	0.0167902,	0.0167902,	6,	13
1,	0.5,	2,	0.00839508,	0.00839508,	7,	13
1,	0.5,	2,	0.00419754,	0.00419754,	8,	13
1,	0.25,	4,	0.268642,	0.268642,	2,	20
1,	0.25,	4,	0.134321,	0.134321,	3,	15
1,	0.25,	4,	0.0671606,	0.0671606,	4,	13
1,	0.25,	4,	0.0335803,	0.0335803,	5,	14
1,	0.25,	4,	0.0167902,	0.0167902,	6,	14
1,	0.25,	4,	0.00839508,	0.00839508,	7,	14
1,	0.25,	4,	0.00419754,	0.00419754,	8,	14
1,	0.125,	8,	0.268642,	0.268642,	2,	34
1,	0.125,	8,	0.134321,	0.134321,	3,	23
1,	0.125,	8,	0.0671606,	0.0671606,	4,	17
1,	0.125,	8,	0.0335803,	0.0335803,	5,	14
1,	0.125,	8,	0.0167902,	0.0167902,	6,	15
1,	0.125,	8,	0.00839508,	0.00839508,	7,	15
1,	0.125,	8,	0.00419754,	0.00419754,	8,	15
1,	0.0625,	16,	0.268642,	0.268642,	2,	67
1,	0.0625,	16,	0.134321,	0.134321,	3,	45
1,	0.0625,	16,	0.0671606,	0.0671606,	4,	29
1,	0.0625,	16,	0.0335803,	0.0335803,	5,	18
1,	0.0625,	16,	0.0167902,	0.0167902,	6,	18
1,	0.0625,	16,	0.00839508,	0.00839508,	7,	19
1,	0.0625,	16,	0.00419754,	0.00419754,	8,	19
1,	0.03125,	32,	0.268642,	0.268642,	2,	174
1,	0.03125,	32,	0.134321,	0.134321,	3,	98
1,	0.03125,	32,	0.0671606,	0.0671606,	4,	59
1,	0.03125,	32,	0.0335803,	0.0335803,	5,	31
1,	0.03125,	32,	0.0167902,	0.0167902,	6,	22
1,	0.03125,	32,	0.00839508,	0.00839508,	7,	24
1,	0.03125,	32,	0.00419754,	0.00419754,	8,	25
1,	0.015625,	64,	0.268642,	0.268642,	2,	200
1,	0.015625,	64,	0.134321,	0.134321,	3,	200
1,	0.015625,	64,	0.0671606,	0.0671606,	4,	160
1,	0.015625,	64,	0.0335803,	0.0335803,	5,	81
1,	0.015625,	64,	0.0167902,	0.0167902,	6,	33
1,	0.015625,	64,	0.00839508,	0.00839508,	7,	31
1,	0.015625,	64,	0.00839508,	0.00839508,	8,	00
1,	0.0078125,	128,	0.268642,	0.268642,	2,	200
1,	0.0078125,	128,	0.134321,	0.134321,	3,	200
1,	0.0078125,	128,	0.0671606,	0.0671606,	4,	200
1,	0.0078125,	128,	0.0335803,	0.0335803,	5,	200
1,	0.0078125,	128,	0.0335803,	0.0335803,	6,	00
1,	0.0078125,	128,	0.0335803,	0.0335803,	7,	00
1,	0.0078125,	128,	0.0335803,	0.0335803,	8,	00
1,	0.5,	2,	0.268642,	0.268642,	2,	13
1,	0.5,	2,	0.134321,	0.134321,	3,	13
1,	0.5,	2,	0.0671606,	0.0671606,	4,	13
1,	0.5,	2,	0.0335803,	0.0335803,	5,	13
1,	0.5,	2,	0.0167902,	0.0167902,	6,	13
1,	0.5,	2,	0.00839508,	0.00839508,	7,	13
1,	0.5,	2,	0.00419754,	0.00419754,	8,	13
1,	0.25,	4,	0.268642,	0.268642,	2,	13
1,	0.25,	4,	0.134321,	0.134321,	3,	13
1,	0.25,	4,	0.0671606,	0.0671606,	4,	14
1,	0.25,	4,	0.0335803,	0.0335803,	5,	14
1,	0.25,	4,	0.0167902,	0.0167902,	6,	14
1,	0.25,	4,	0.00839508,	0.00839508,	7,	14
1,	0.25,	4,	0.00419754,	0.00419754,	8,	14
1,	0.125,	8,	0.268642,	0.268642,	2,	16
1,	0.125,	8,	0.134321,	0.134321,	3,	15
1,	0.125,	8,	0.0671606,	0.0671606,	4,	15
1,	0.125,	8,	0.0335803,	0.0335803,	5,	15
1,	0.125,	8,	0.0167902,	0.0167902,	6,	15
1,	0.125,	8,	0.00839508,	0.00839508,	7,	15
1,	0.125,	8,	0.00419754,	0.00419754,	8,	15
1,	0.0625,	16,	0.268642,	0.268642,	2,	22
1,	0.0625,	16,	0.134321,	0.134321,	3,	20
1,	0.0625,	16,	0.0671606,	0.0671606,	4,	19
1,	0.0625,	16,	0.0335803,	0.0335803,	5,	19
1,	0.0625,	16,	0.0167902,	0.0167902,	6,	19
1,	0.0625,	16,	0.00839508,	0.00839508,	7,	19
1,	0.0625,	16,	0.00419754,	0.00419754,	8,	19
1,	0.03125,	32,	0.268642,	0.268642,	2,	31
1,	0.03125,	32,	0.134321,	0.134321,	3,	27
1,	0.03125,	32,	0.0671606,	0.0671606,	4,	26
1,	0.03125,	32,	0.0335803,	0.0335803,	5,	26
1,	0.03125,	32,	0.0167902,	0.0167902,	6,	26
1,	0.03125,	32,	0.00839508,	0.00839508,	7,	26
1,	0.03125,	32,	0.00419754,	0.00419754,	8,	26
1,	0.015625,	64,	0.268642,	0.268642,	2,	46
1,	0.015625,	64,	0.134321,	0.134321,	3,	39
1,	0.015625,	64,	0.0671606,	0.0671606,	4,	38
1,	0.015625,	64,	0.0335803,	0.0335803,	5,	38
1,	0.015625,	64,	0.0167902,	0.0167902,	6,	38
1,	0.015625,	64,	0.00839508,	0.00839508,	7,	38
1,	0.015625,	64,	0.00839508,	0.00839508,	8,	00
1,	0.0078125,	128,	0.268642,	0.268642,	2,	68
1,	0.0078125,	128,	0.134321,	0.134321,	3,	58
1,	0.0078125,	128,	0.0671606,	0.0671606,	4,	58
1,	0.0078125,	128,	0.0335803,	0.0335803,	5,	58
1,	0.0078125,	128,	0.0167902,	0.0167902,	6,	59
1,	0.0078125,	128,	0.0167902,	0.0167902,	7,	00
1,	0.0078125,	128,	0.0167902,	0.0167902,	8,	00
1,	0.5,	2,	0.537285,	0.537285,	1,	9
1,	0.25,	4,	0.537285,	0.537285,	1,	11
1,	0.0625,	16,	0.0335803,	0.0335803,	5,	17
1,	0.03125,	32,	0.0167902,	0.0167902,	6,	22
1,	0.015625,	64,	0.0167902,	0.0167902,	6,	111
1,	0.015625,	64,	0.0167902,	0.0167902,	6,	38
1,	0.5,	2,	0.537285,	0.537285,	1,	9
1,	0.5,	2,	0.537285,	0.537285,	1,	9
1,	0.0625,	16,	0.537285,	0.537285,	1,	15
1,	0.0625,	16,	0.537285,	0.537285,	1,	15
1,	0.5,	2,	0.537285,	0.537285,	1,	9
