1,	0.5,	2,	0.268642,	0.268642,	2,	33
1,	0.5,	2,	0.134321,	0.134321,	3,	39
1,	0.5,	2,	0.0671606,	0.0671606,	4,	46
1,	0.5,	2,	0.0335803,	0.0335803,	5,	57
1,	0.5,	2,	0.0167902,	0.0167902,	6,	66
1,	0.5,	2,	0.00839508,	0.00839508,	7,	75
1,	0.5,	2,	0.268642,	0.268642,	2,	33
1,	0.5,	2,	0.134321,	0.134321,	3,	39
1,	0.5,	2,	0.0671606,	0.0671606,	4,	46
1,	0.5,	2,	0.0335803,	0.0335803,	5,	57
1,	0.5,	2,	0.0167902,	0.0167902,	6,	66
1,	0.5,	2,	0.00839508,	0.00839508,	7,	75
1,	0.5,	2,	0.268642,	0.268642,	2,	33
1,	0.5,	2,	0.134321,	0.134321,	3,	39
1,	0.5,	2,	0.0671606,	0.0671606,	4,	46
1,	0.5,	2,	0.0335803,	0.0335803,	5,	57
1,	0.5,	2,	0.0167902,	0.0167902,	6,	66
1,	0.5,	2,	0.00839508,	0.00839508,	7,	75
1,	0.5,	2,	0.00419754,	0.00419754,	8,	130
1,	0.25,	4,	0.268642,	0.268642,	2,	35
1,	0.25,	4,	0.134321,	0.134321,	3,	46
1,	0.25,	4,	0.0671606,	0.0671606,	4,	59
1,	0.25,	4,	0.0335803,	0.0335803,	5,	73
1,	0.25,	4,	0.0167902,	0.0167902,	6,	85
1,	0.25,	4,	0.00839508,	0.00839508,	7,	169
1,	0.5,	2,	0.268642,	0.268642,	2,	33
1,	0.5,	2,	0.134321,	0.134321,	3,	39
1,	0.5,	2,	0.0671606,	0.0671606,	4,	46
1,	0.5,	2,	0.0335803,	0.0335803,	5,	57
1,	0.5,	2,	0.0167902,	0.0167902,	6,	66
1,	0.5,	2,	0.00839508,	0.00839508,	7,	75
1,	0.5,	2,	0.00419754,	0.00419754,	8,	130
1,	0.25,	4,	0.268642,	0.268642,	2,	35
1,	0.25,	4,	0.134321,	0.134321,	3,	46
1,	0.25,	4,	0.0671606,	0.0671606,	4,	59
1,	0.25,	4,	0.0335803,	0.0335803,	5,	73
1,	0.25,	4,	0.0167902,	0.0167902,	6,	85
1,	0.25,	4,	0.00839508,	0.00839508,	7,	169
1,	0.25,	4,	0.00419754,	0.00419754,	8,	200
1,	0.25,	4,	0.00419754,	0.00419754,	8,	90
1,	0.125,	8,	0.268642,	0.268642,	2,	37
1,	0.125,	8,	0.134321,	0.134321,	3,	47
1,	0.125,	8,	0.0671606,	0.0671606,	4,	65
1,	0.125,	8,	0.0335803,	0.0335803,	5,	90
1,	0.125,	8,	0.0167902,	0.0167902,	6,	147
1,	0.125,	8,	0.00839508,	0.00839508,	7,	200
1,	0.125,	8,	0.00839508,	0.00839508,	7,	13
1,	0.125,	8,	0.00419754,	0.00419754,	8,	200
1,	0.125,	8,	0.00419754,	0.00419754,	8,	200
1,	0.125,	8,	0.00419754,	0.00419754,	8,	78
1,	0.0625,	16,	0.268642,	0.268642,	2,	37
1,	0.0625,	16,	0.134321,	0.134321,	3,	47
1,	0.0625,	16,	0.0671606,	0.0671606,	4,	65
1,	0.0625,	16,	0.0335803,	0.0335803,	5,	93
1,	0.0625,	16,	0.0167902,	0.0167902,	6,	159
1,	0.0625,	16,	0.0167902,	0.0167902,	6,	0
1,	0.0625,	16,	0.00839508,	0.00839508,	7,	200
1,	0.0625,	16,	0.00839508,	0.00839508,	7,	50
1,	0.0625,	16,	0.00839508,	0.00839508,	7,	0
1,	0.0625,	16,	0.00419754,	0.00419754,	8,	200
1,	0.0625,	16,	0.00419754,	0.00419754,	8,	200
1,	0.0625,	16,	0.00419754,	0.00419754,	8,	180
1,	0.0625,	16,	0.00419754,	0.00419754,	8,	1
1,	0.0625,	16,	0.00419754,	0.00419754,	8,	0
1,	0.03125,	32,	0.268642,	0.268642,	2,	40
1,	0.03125,	32,	0.134321,	0.134321,	3,	45
1,	0.03125,	32,	0.0671606,	0.0671606,	4,	65
1,	0.03125,	32,	0.0671606,	0.0671606,	4,	0
1,	0.03125,	32,	0.0335803,	0.0335803,	5,	94
1,	0.03125,	32,	0.0335803,	0.0335803,	5,	0
1,	0.03125,	32,	0.0167902,	0.0167902,	6,	162
1,	0.03125,	32,	0.0167902,	0.0167902,	6,	0
1,	0.03125,	32,	0.00839508,	0.00839508,	7,	200
1,	0.03125,	32,	0.00839508,	0.00839508,	7,	66
1,	0.03125,	32,	0.00839508,	0.00839508,	7,	1
1,	0.03125,	32,	0.00839508,	0.00839508,	7,	0
1,	0.03125,	32,	0.00419754,	0.00419754,	8,	200
1,	0.015625,	64,	0.268642,	0.268642,	2,	45
1,	0.015625,	64,	0.134321,	0.134321,	3,	41
1,	0.015625,	64,	0.0671606,	0.0671606,	4,	61
1,	0.015625,	64,	0.0671606,	0.0671606,	4,	0
1,	0.015625,	64,	0.0335803,	0.0335803,	5,	92
1,	0.015625,	64,	0.0335803,	0.0335803,	5,	0
1,	0.015625,	64,	0.0167902,	0.0167902,	6,	165
1,	0.015625,	64,	0.0167902,	0.0167902,	6,	1
1,	0.015625,	64,	0.0167902,	0.0167902,	6,	0
1,	0.015625,	64,	0.00839508,	0.00839508,	7,	200
1,	0.015625,	64,	0.00839508,	0.00839508,	7,	51
1,	0.015625,	64,	0.00839508,	0.00839508,	7,	0
1,	0.015625,	64,	0.00419754,	0.00419754,	8,	200
1,	0.015625,	64,	0.00419754,	0.00419754,	8,	200
1,	0.015625,	64,	0.00419754,	0.00419754,	8,	165
1,	0.015625,	64,	0.00419754,	0.00419754,	8,	1
1,	0.015625,	64,	0.00419754,	0.00419754,	8,	0
1,	0.0078125,	128,	0.268642,	0.268642,	2,	50
1,	0.0078125,	128,	0.268642,	0.268642,	2,	0
1,	0.0078125,	128,	0.134321,	0.134321,	3,	41
1,	0.0078125,	128,	0.134321,	0.134321,	3,	0
1,	0.0078125,	128,	0.0671606,	0.0671606,	4,	54
1,	0.0078125,	128,	0.0671606,	0.0671606,	4,	0
1,	0.0078125,	128,	0.0335803,	0.0335803,	5,	86
1,	0.0078125,	128,	0.0335803,	0.0335803,	5,	0
1,	0.0078125,	128,	0.0167902,	0.0167902,	6,	143
1,	0.0078125,	128,	0.0167902,	0.0167902,	6,	1
1,	0.0078125,	128,	0.0167902,	0.0167902,	6,	0
1,	0.0078125,	128,	0.00839508,	0.00839508,	7,	200
1,	0.0078125,	128,	0.00839508,	0.00839508,	7,	40
1,	0.0078125,	128,	0.00839508,	0.00839508,	7,	0
1,	0.0078125,	128,	0.00419754,	0.00419754,	8,	200
1,	0.0078125,	128,	0.00419754,	0.00419754,	8,	200
1,	0.0078125,	128,	0.00419754,	0.00419754,	8,	200
1,	0.0078125,	128,	0.00419754,	0.00419754,	8,	29
1,	0.0078125,	128,	0.00419754,	0.00419754,	8,	0
1,	0.03125,	32,	0.00419754,	0.00419754,	8,	200
1,	0.03125,	32,	0.00419754,	0.00419754,	8,	200
1,	0.03125,	32,	0.00419754,	0.00419754,	8,	197
1,	0.03125,	32,	0.00419754,	0.00419754,	8,	1
1,	0.03125,	32,	0.00419754,	0.00419754,	8,	0
1,	0.5,	2,	0.268642,	0.268642,	2,	28
1,	0.5,	2,	0.134321,	0.134321,	3,	31
1,	0.5,	2,	0.0671606,	0.0671606,	4,	30
1,	0.5,	2,	0.0335803,	0.0335803,	5,	29
1,	0.5,	2,	0.0167902,	0.0167902,	6,	28
1,	0.5,	2,	0.00839508,	0.00839508,	7,	27
1,	0.5,	2,	0.00419754,	0.00419754,	8,	25
1,	0.25,	4,	0.268642,	0.268642,	2,	32
1,	0.25,	4,	0.134321,	0.134321,	3,	34
1,	0.25,	4,	0.0671606,	0.0671606,	4,	32
1,	0.25,	4,	0.0335803,	0.0335803,	5,	31
1,	0.25,	4,	0.0167902,	0.0167902,	6,	30
1,	0.25,	4,	0.00839508,	0.00839508,	7,	29
1,	0.25,	4,	0.00419754,	0.00419754,	8,	26
1,	0.125,	8,	0.268642,	0.268642,	2,	34
1,	0.125,	8,	0.134321,	0.134321,	3,	35
1,	0.125,	8,	0.0671606,	0.0671606,	4,	33
1,	0.125,	8,	0.0335803,	0.0335803,	5,	32
1,	0.125,	8,	0.0167902,	0.0167902,	6,	31
1,	0.125,	8,	0.00839508,	0.00839508,	7,	30
1,	0.125,	8,	0.00419754,	0.00419754,	8,	27
1,	0.0625,	16,	0.268642,	0.268642,	2,	36
1,	0.0625,	16,	0.134321,	0.134321,	3,	36
1,	0.0625,	16,	0.0671606,	0.0671606,	4,	34
1,	0.0625,	16,	0.0335803,	0.0335803,	5,	33
1,	0.0625,	16,	0.0167902,	0.0167902,	6,	32
1,	0.0625,	16,	0.00839508,	0.00839508,	7,	30
1,	0.0625,	16,	0.00839508,	0.00839508,	7,	0
1,	0.0625,	16,	0.00839508,	0.00839508,	7,	0
1,	0.0625,	16,	0.00839508,	0.00839508,	7,	0
1,	0.0625,	16,	0.00839508,	0.00839508,	7,	0
1,	0.0625,	16,	0.00839508,	0.00839508,	7,	0
1,	0.0625,	16,	0.00839508,	0.00839508,	7,	0
1,	0.0625,	16,	0.00839508,	0.00839508,	7,	0
1,	0.0625,	16,	0.00839508,	0.00839508,	7,	0
1,	0.0625,	16,	0.00839508,	0.00839508,	7,	0
1,	0.0625,	16,	0.00839508,	0.00839508,	7,	0
1,	0.0625,	16,	0.00839508,	0.00839508,	7,	0
1,	0.0625,	16,	0.00839508,	0.00839508,	7,	0
1,	0.0625,	16,	0.00839508,	0.00839508,	7,	0
1,	0.0625,	16,	0.00839508,	0.00839508,	7,	0
1,	0.0625,	16,	0.00839508,	0.00839508,	7,	0
1,	0.0625,	16,	0.00839508,	0.00839508,	7,	0
1,	0.0625,	16,	0.00839508,	0.00839508,	7,	0
1,	0.0625,	16,	0.00839508,	0.00839508,	7,	0
1,	0.0625,	16,	0.00839508,	0.00839508,	7,	0
1,	0.0625,	16,	0.00839508,	0.00839508,	7,	0
1,	0.0625,	16,	0.00839508,	0.00839508,	7,	0
1,	0.0625,	16,	0.00839508,	0.00839508,	7,	0
1,	0.0625,	16,	0.00839508,	0.00839508,	7,	0
1,	0.0625,	16,	0.00839508,	0.00839508,	7,	0
1,	0.0625,	16,	0.00839508,	0.00839508,	7,	0
1,	0.0625,	16,	0.00839508,	0.00839508,	7,	0
1,	0.0625,	16,	0.00839508,	0.00839508,	7,	0
1,	0.0625,	16,	0.00839508,	0.00839508,	7,	0
1,	0.0625,	16,	0.00839508,	0.00839508,	7,	0
1,	0.0625,	16,	0.00839508,	0.00839508,	7,	0
1,	0.0625,	16,	0.00839508,	0.00839508,	7,	0
1,	0.0625,	16,	0.00839508,	0.00839508,	7,	0
1,	0.0625,	16,	0.00839508,	0.00839508,	7,	0
1,	0.0625,	16,	0.00839508,	0.00839508,	7,	0
1,	0.0625,	16,	0.00839508,	0.00839508,	7,	0
1,	0.5,	2,	0.268642,	0.268642,	2,	28
1,	0.5,	2,	0.134321,	0.134321,	3,	31
1,	0.5,	2,	0.0671606,	0.0671606,	4,	30
1,	0.5,	2,	0.0335803,	0.0335803,	5,	29
1,	0.5,	2,	0.0167902,	0.0167902,	6,	28
1,	0.5,	2,	0.00839508,	0.00839508,	7,	27
1,	0.5,	2,	0.00419754,	0.00419754,	8,	25
1,	0.25,	4,	0.268642,	0.268642,	2,	32
1,	0.25,	4,	0.134321,	0.134321,	3,	34
1,	0.25,	4,	0.0671606,	0.0671606,	4,	32
1,	0.25,	4,	0.0335803,	0.0335803,	5,	31
1,	0.25,	4,	0.0167902,	0.0167902,	6,	30
1,	0.25,	4,	0.00839508,	0.00839508,	7,	29
1,	0.25,	4,	0.00419754,	0.00419754,	8,	26
1,	0.125,	8,	0.268642,	0.268642,	2,	34
1,	0.125,	8,	0.134321,	0.134321,	3,	35
1,	0.125,	8,	0.0671606,	0.0671606,	4,	33
1,	0.125,	8,	0.0335803,	0.0335803,	5,	32
1,	0.125,	8,	0.0167902,	0.0167902,	6,	31
1,	0.125,	8,	0.00839508,	0.00839508,	7,	30
1,	0.125,	8,	0.00419754,	0.00419754,	8,	27
1,	0.0625,	16,	0.268642,	0.268642,	2,	36
1,	0.0625,	16,	0.134321,	0.134321,	3,	36
1,	0.0625,	16,	0.0671606,	0.0671606,	4,	34
1,	0.0625,	16,	0.0335803,	0.0335803,	5,	33
1,	0.0625,	16,	0.0167902,	0.0167902,	6,	32
1,	0.0625,	16,	0.00839508,	0.00839508,	7,	30
1,	0.0625,	16,	0.00839508,	0.00839508,	7,	0
1,	0.0625,	16,	0.00419754,	0.00419754,	8,	28
1,	0.03125,	32,	0.268642,	0.268642,	2,	40
1,	0.03125,	32,	0.134321,	0.134321,	3,	38
1,	0.03125,	32,	0.0671606,	0.0671606,	4,	34
1,	0.03125,	32,	0.0671606,	0.0671606,	4,	1
1,	0.03125,	32,	0.0671606,	0.0671606,	4,	0
1,	0.03125,	32,	0.0335803,	0.0335803,	5,	34
1,	0.03125,	32,	0.0335803,	0.0335803,	5,	0
1,	0.03125,	32,	0.0167902,	0.0167902,	6,	32
1,	0.03125,	32,	0.0167902,	0.0167902,	6,	0
1,	0.03125,	32,	0.00839508,	0.00839508,	7,	30
1,	0.03125,	32,	0.00839508,	0.00839508,	7,	0
1,	0.03125,	32,	0.00419754,	0.00419754,	8,	26
1,	0.03125,	32,	0.00419754,	0.00419754,	8,	0
1,	0.015625,	64,	0.268642,	0.268642,	2,	43
1,	0.015625,	64,	0.134321,	0.134321,	3,	39
1,	0.015625,	64,	0.134321,	0.134321,	3,	0
1,	0.015625,	64,	0.0671606,	0.0671606,	4,	35
1,	0.015625,	64,	0.0671606,	0.0671606,	4,	0
1,	0.015625,	64,	0.0335803,	0.0335803,	5,	34
1,	0.015625,	64,	0.0335803,	0.0335803,	5,	0
1,	0.015625,	64,	0.0167902,	0.0167902,	6,	33
1,	0.015625,	64,	0.0167902,	0.0167902,	6,	0
1,	0.015625,	64,	0.00839508,	0.00839508,	7,	29
1,	0.015625,	64,	0.00839508,	0.00839508,	7,	0
1,	0.015625,	64,	0.00419754,	0.00419754,	8,	26
1,	0.015625,	64,	0.00419754,	0.00419754,	8,	0
1,	0.0078125,	128,	0.268642,	0.268642,	2,	49
1,	0.0078125,	128,	0.268642,	0.268642,	2,	0
1,	0.0078125,	128,	0.134321,	0.134321,	3,	38
1,	0.0078125,	128,	0.134321,	0.134321,	3,	1
1,	0.0078125,	128,	0.134321,	0.134321,	3,	0
1,	0.0078125,	128,	0.0671606,	0.0671606,	4,	35
1,	0.0078125,	128,	0.0671606,	0.0671606,	4,	0
1,	0.0078125,	128,	0.0335803,	0.0335803,	5,	34
1,	0.0078125,	128,	0.0335803,	0.0335803,	5,	0
1,	0.0078125,	128,	0.0167902,	0.0167902,	6,	31
1,	0.0078125,	128,	0.0167902,	0.0167902,	6,	0
1,	0.0078125,	128,	0.00839508,	0.00839508,	7,	29
1,	0.0078125,	128,	0.00839508,	0.00839508,	7,	0
1,	0.0078125,	128,	0.00419754,	0.00419754,	8,	26
1,	0.0078125,	128,	0.00419754,	0.00419754,	8,	0
