1,	0.5,	2,	0.268642,	0.268642,	2,	29
1,	0.5,	2,	0.134321,	0.134321,	3,	28
1,	0.5,	2,	0.0671606,	0.0671606,	4,	26
1,	0.5,	2,	0.0335803,	0.0335803,	5,	25
1,	0.5,	2,	0.0167902,	0.0167902,	6,	24
1,	0.5,	2,	0.00839508,	0.00839508,	7,	23
1,	0.5,	2,	0.00419754,	0.00419754,	8,	22
1,	0.25,	4,	0.268642,	0.268642,	2,	31
1,	0.25,	4,	0.134321,	0.134321,	3,	31
1,	0.25,	4,	0.0671606,	0.0671606,	4,	29
1,	0.25,	4,	0.0335803,	0.0335803,	5,	28
1,	0.25,	4,	0.0167902,	0.0167902,	6,	27
1,	0.25,	4,	0.00839508,	0.00839508,	7,	26
1,	0.25,	4,	0.00419754,	0.00419754,	8,	25
1,	0.125,	8,	0.268642,	0.268642,	2,	33
1,	0.125,	8,	0.134321,	0.134321,	3,	33
1,	0.125,	8,	0.0671606,	0.0671606,	4,	31
1,	0.125,	8,	0.0335803,	0.0335803,	5,	30
1,	0.125,	8,	0.0167902,	0.0167902,	6,	29
1,	0.125,	8,	0.00839508,	0.00839508,	7,	28
1,	0.125,	8,	0.00419754,	0.00419754,	8,	26
1,	0.0625,	16,	0.268642,	0.268642,	2,	35
1,	0.0625,	16,	0.134321,	0.134321,	3,	35
1,	0.0625,	16,	0.0671606,	0.0671606,	4,	33
1,	0.0625,	16,	0.0335803,	0.0335803,	5,	32
1,	0.0625,	16,	0.0167902,	0.0167902,	6,	31
1,	0.0625,	16,	0.00839508,	0.00839508,	7,	30
1,	0.0625,	16,	0.00419754,	0.00419754,	8,	28
1,	0.03125,	32,	0.268642,	0.268642,	2,	36
1,	0.03125,	32,	0.134321,	0.134321,	3,	109
1,	0.03125,	32,	0.0671606,	0.0671606,	4,	36
1,	0.03125,	32,	0.0335803,	0.0335803,	5,	33
1,	0.03125,	32,	0.0167902,	0.0167902,	6,	34
1,	0.03125,	32,	0.00839508,	0.00839508,	7,	31
1,	0.03125,	32,	0.00419754,	0.00419754,	8,	30
1,	0.015625,	64,	0.268642,	0.268642,	2,	120
1,	0.015625,	64,	0.134321,	0.134321,	3,	113
1,	0.015625,	64,	0.0671606,	0.0671606,	4,	81
1,	0.015625,	64,	0.0335803,	0.0335803,	5,	116
1,	0.015625,	64,	0.0167902,	0.0167902,	6,	107
1,	0.015625,	64,	0.00839508,	0.00839508,	7,	34
1,	0.0078125,	128,	0.268642,	0.268642,	2,	200
1,	0.0078125,	128,	0.134321,	0.134321,	3,	124
1,	0.0078125,	128,	0.0671606,	0.0671606,	4,	114
1,	0.0078125,	128,	0.0335803,	0.0335803,	5,	196
1,	0.0078125,	128,	0.0167902,	0.0167902,	6,	121
