1,	0.5,	2,	0.268642,	0.268642,	2,	19.5,	1.67217e-10
1,	0.5,	2,	0.134321,	0.134321,	3,	22,	9.78229e-11
1,	0.5,	2,	0.0671606,	0.0671606,	4,	21.5,	4.27682e-10
1,	0.5,	2,	0.0335803,	0.0335803,	5,	20.5,	3.50213e-10
1,	0.5,	2,	0.0167902,	0.0167902,	6,	18.5,	7.18317e-10
1,	0.5,	2,	0.00839508,	0.00839508,	7,	18,	6.58322e-10
1,	0.5,	2,	0.00419754,	0.00419754,	8,	17.5,	9.61054e-10
1,	0.25,	4,	0.268642,	0.268642,	2,	20.5,	1.15012e-10
1,	0.25,	4,	0.134321,	0.134321,	3,	21.5,	1.66836e-10
1,	0.25,	4,	0.0671606,	0.0671606,	4,	21.5,	2.26036e-10
1,	0.25,	4,	0.0335803,	0.0335803,	5,	19.75,	3.39942e-10
1,	0.25,	4,	0.0167902,	0.0167902,	6,	18.5,	4.46804e-10
1,	0.25,	4,	0.00839508,	0.00839508,	7,	18.25,	4.48535e-10
1,	0.25,	4,	0.00419754,	0.00419754,	8,	17.5,	9.29263e-10
1,	0.125,	8,	0.268642,	0.268642,	2,	19,	8.06231e-11
1,	0.125,	8,	0.134321,	0.134321,	3,	21.375,	1.33364e-10
1,	0.125,	8,	0.0671606,	0.0671606,	4,	19.75,	2.36773e-10
1,	0.125,	8,	0.0335803,	0.0335803,	5,	17.875,	2.98059e-10
1,	0.125,	8,	0.0167902,	0.0167902,	6,	17.75,	3.92209e-10
1,	0.125,	8,	0.00839508,	0.00839508,	7,	17.5,	4.15246e-10
1,	0.125,	8,	0.00419754,	0.00419754,	8,	17.125,	8.03319e-10
1,	0.0625,	16,	0.268642,	0.268642,	2,	19.5625,	9.37944e-11
1,	0.0625,	16,	0.134321,	0.134321,	3,	19.4375,	1.25769e-10
1,	0.0625,	16,	0.0671606,	0.0671606,	4,	17.75,	2.05976e-10
1,	0.0625,	16,	0.0335803,	0.0335803,	5,	17.4375,	2.53925e-10
1,	0.0625,	16,	0.0167902,	0.0167902,	6,	17.5,	3.59704e-10
1,	0.0625,	16,	0.00839508,	0.00839508,	7,	17.375,	3.74542e-10
1,	0.0625,	16,	0.00419754,	0.00419754,	8,	16.5,	5.80955e-10
1,	0.03125,	32,	0.268642,	0.268642,	2,	18,	7.46851e-11
1,	0.03125,	32,	0.134321,	0.134321,	3,	16.5938,	1.37851e-10
1,	0.03125,	32,	0.0671606,	0.0671606,	4,	16.5938,	1.93624e-10
1,	0.03125,	32,	0.0335803,	0.0335803,	5,	16.5938,	2.6469e-10
1,	0.03125,	32,	0.0167902,	0.0167902,	6,	16.6562,	3.53368e-10
1,	0.03125,	32,	0.00839508,	0.00839508,	7,	16.2812,	5.62636e-10
1,	0.03125,	32,	0.00419754,	0.00419754,	8,	15.5312,	7.2109e-10
1,	0.015625,	64,	0.268642,	0.268642,	2,	16.4531,	8.81608e-11
1,	0.015625,	64,	0.134321,	0.134321,	3,	15.0312,	9.29718e-11
1,	0.015625,	64,	0.0671606,	0.0671606,	4,	15.7812,	1.88172e-10
1,	0.015625,	64,	0.0335803,	0.0335803,	5,	15.7656,	2.72428e-10
1,	0.015625,	64,	0.0167902,	0.0167902,	6,	15.7031,	3.25926e-10
1,	0.015625,	64,	0.00839508,	0.00839508,	7,	15.5156,	4.05908e-10
1,	0.015625,	64,	0.00419754,	0.00419754,	8,	14.1094,	9.10656e-10
1,	0.0078125,	128,	0.268642,	0.268642,	2,	14.5859,	9.57006e-11
1,	0.0078125,	128,	0.134321,	0.134321,	3,	14.3438,	9.55831e-11
1,	0.0078125,	128,	0.0671606,	0.0671606,	4,	14.6094,	1.89581e-10
1,	0.0078125,	128,	0.0335803,	0.0335803,	5,	14.8828,	2.53899e-10
1,	0.0078125,	128,	0.0167902,	0.0167902,	6,	15.0078,	3.36526e-10
1,	0.0078125,	128,	0.00839508,	0.00839508,	7,	14.3203,	5.93651e-10
1,	0.0078125,	128,	0.00419754,	0.00419754,	8,	12.6406,	8.34177e-10
