1,	0.5,	2,	0.268642,	0.268642,	2,	26
1,	0.5,	2,	0.134321,	0.134321,	3,	27
1,	0.5,	2,	0.0671606,	0.0671606,	4,	25
1,	0.5,	2,	0.0335803,	0.0335803,	5,	24
1,	0.5,	2,	0.0167902,	0.0167902,	6,	23
1,	0.5,	2,	0.00839508,	0.00839508,	7,	23
1,	0.5,	2,	0.00419754,	0.00419754,	8,	21
1,	0.25,	4,	0.268642,	0.268642,	2,	28
1,	0.25,	4,	0.134321,	0.134321,	3,	28
1,	0.25,	4,	0.0671606,	0.0671606,	4,	27
1,	0.25,	4,	0.0335803,	0.0335803,	5,	26
1,	0.25,	4,	0.0167902,	0.0167902,	6,	25
1,	0.25,	4,	0.00839508,	0.00839508,	7,	24
1,	0.25,	4,	0.00419754,	0.00419754,	8,	23
1,	0.125,	8,	0.268642,	0.268642,	2,	31
1,	0.125,	8,	0.134321,	0.134321,	3,	31
1,	0.125,	8,	0.0671606,	0.0671606,	4,	30
1,	0.125,	8,	0.0335803,	0.0335803,	5,	27
1,	0.125,	8,	0.0167902,	0.0167902,	6,	28
1,	0.125,	8,	0.00839508,	0.00839508,	7,	27
1,	0.125,	8,	0.00419754,	0.00419754,	8,	24
1,	0.0625,	16,	0.268642,	0.268642,	2,	32
1,	0.0625,	16,	0.134321,	0.134321,	3,	33
1,	0.0625,	16,	0.0671606,	0.0671606,	4,	32
1,	0.0625,	16,	0.0335803,	0.0335803,	5,	30
1,	0.0625,	16,	0.0167902,	0.0167902,	6,	30
1,	0.0625,	16,	0.00839508,	0.00839508,	7,	29
1,	0.0625,	16,	0.00419754,	0.00419754,	8,	27
1,	0.03125,	32,	0.268642,	0.268642,	2,	34
1,	0.03125,	32,	0.134321,	0.134321,	3,	35
1,	0.03125,	32,	0.0671606,	0.0671606,	4,	34
1,	0.03125,	32,	0.0335803,	0.0335803,	5,	32
1,	0.03125,	32,	0.0167902,	0.0167902,	6,	31
1,	0.03125,	32,	0.00839508,	0.00839508,	7,	30
1,	0.03125,	32,	0.00419754,	0.00419754,	8,	29
1,	0.015625,	64,	0.268642,	0.268642,	2,	110
1,	0.015625,	64,	0.134321,	0.134321,	3,	113
1,	0.015625,	64,	0.0671606,	0.0671606,	4,	108
1,	0.015625,	64,	0.0335803,	0.0335803,	5,	61
1,	0.015625,	64,	0.0167902,	0.0167902,	6,	108
1,	0.015625,	64,	0.00839508,	0.00839508,	7,	33
1,	0.0078125,	128,	0.268642,	0.268642,	2,	139
1,	0.0078125,	128,	0.134321,	0.134321,	3,	120
1,	0.0078125,	128,	0.0671606,	0.0671606,	4,	122
1,	0.0078125,	128,	0.0335803,	0.0335803,	5,	35
1,	0.333333,	3,	0.268642,	0.268642,	2,	27
1,	0.333333,	3,	0.268642,	0.268642,	2,	27
1,	0.333333,	3,	0.268642,	0.268642,	2,	27
1,	0.333333,	3,	0.268642,	0.268642,	2,	27
1,	0.333333,	3,	0.268642,	0.268642,	2,	27
1,	0.333333,	3,	0.268642,	0.268642,	2,	27
1,	0.333333,	3,	0.268642,	0.268642,	2,	27
1,	0.333333,	3,	0.268642,	0.268642,	2,	27
1,	0.333333,	3,	0.268642,	0.268642,	2,	27
1,	0.333333,	3,	0.268642,	0.268642,	2,	27
1,	0.333333,	3,	0.0167902,	0.0167902,	6,	25
1,	0.0078125,	128,	0.0167902,	0.0167902,	6,	200
