1,	0.125,	8,	0.134321,	0.134321,	3,	25
1,	0.0625,	16,	0.0335803,	0.0335803,	5,	23
1,	0.0625,	16,	0.0335803,	0.0335803,	5,	24
1,	0.0625,	16,	0.0335803,	0.0335803,	5,	24
1,	0.0625,	16,	0.0335803,	0.0335803,	5,	37
1,	0.0625,	16,	0.0335803,	0.0335803,	5,	24
1,	0.0625,	16,	0.0335803,	0.0335803,	5,	26
1,	0.0625,	16,	0.0167902,	0.0167902,	6,	24
1,	0.5,	2,	0.268642,	0.268642,	2,	25
1,	0.5,	2,	0.134321,	0.134321,	3,	24
1,	0.5,	2,	0.0671606,	0.0671606,	4,	24
1,	0.5,	2,	0.0335803,	0.0335803,	5,	23
1,	0.5,	2,	0.0167902,	0.0167902,	6,	21
1,	0.5,	2,	0.00839508,	0.00839508,	7,	20
