1,	0.5,	2,	0.268642,	0.268642,	2,	21.5,	1.05443e-10
1,	0.5,	2,	0.134321,	0.134321,	3,	22.5,	2.18747e-10
1,	0.5,	2,	0.0671606,	0.0671606,	4,	22.5,	2.89792e-10
1,	0.5,	2,	0.0335803,	0.0335803,	5,	20.5,	5.4907e-10
1,	0.5,	2,	0.0167902,	0.0167902,	6,	20,	3.4957e-10
1,	0.5,	2,	0.00839508,	0.00839508,	7,	19,	1.11428e-09
1,	0.5,	2,	0.00419754,	0.00419754,	8,	19,	9.784e-10
1,	0.25,	4,	0.268642,	0.268642,	2,	21.75,	6.10562e-11
1,	0.25,	4,	0.134321,	0.134321,	3,	22.75,	1.20389e-10
1,	0.25,	4,	0.0671606,	0.0671606,	4,	22.25,	2.74515e-10
1,	0.25,	4,	0.0335803,	0.0335803,	5,	20.25,	3.8032e-10
1,	0.25,	4,	0.0167902,	0.0167902,	6,	20,	3.22166e-10
1,	0.25,	4,	0.00839508,	0.00839508,	7,	19.75,	3.9853e-10
1,	0.25,	4,	0.00419754,	0.00419754,	8,	19,	9.18141e-10
1,	0.125,	8,	0.268642,	0.268642,	2,	20.875,	1.09709e-10
1,	0.125,	8,	0.134321,	0.134321,	3,	22.375,	1.38399e-10
1,	0.125,	8,	0.0671606,	0.0671606,	4,	21.625,	2.35874e-10
1,	0.125,	8,	0.0335803,	0.0335803,	5,	19.625,	2.43423e-10
1,	0.125,	8,	0.0167902,	0.0167902,	6,	20,	3.36619e-10
1,	0.125,	8,	0.00839508,	0.00839508,	7,	20,	3.80453e-10
1,	0.125,	8,	0.00419754,	0.00419754,	8,	19.125,	7.33621e-10
1,	0.0625,	16,	0.268642,	0.268642,	2,	20.1875,	8.33683e-11
1,	0.0625,	16,	0.134321,	0.134321,	3,	20.75,	8.72468e-11
1,	0.0625,	16,	0.0671606,	0.0671606,	4,	19.1875,	1.73226e-10
1,	0.0625,	16,	0.0335803,	0.0335803,	5,	19,	3.16229e-10
1,	0.0625,	16,	0.0167902,	0.0167902,	6,	19,	3.45897e-10
1,	0.0625,	16,	0.00839508,	0.00839508,	7,	18.875,	4.89852e-10
1,	0.0625,	16,	0.00419754,	0.00419754,	8,	18.125,	6.01198e-10
1,	0.03125,	32,	0.268642,	0.268642,	2,	18.9375,	6.604e-11
1,	0.03125,	32,	0.134321,	0.134321,	3,	17.8438,	9.35813e-11
1,	0.03125,	32,	0.0671606,	0.0671606,	4,	18,	2.07632e-10
1,	0.03125,	32,	0.0335803,	0.0335803,	5,	18,	2.55864e-10
1,	0.03125,	32,	0.0167902,	0.0167902,	6,	18,	2.94812e-10
1,	0.03125,	32,	0.00839508,	0.00839508,	7,	17.7188,	5.97342e-10
1,	0.03125,	32,	0.00419754,	0.00419754,	8,	16.8125,	9.15567e-10
1,	0.015625,	64,	0.268642,	0.268642,	2,	17,	7.76294e-11
1,	0.015625,	64,	0.134321,	0.134321,	3,	16.1406,	1.43457e-10
1,	0.015625,	64,	0.0671606,	0.0671606,	4,	16.9375,	1.47952e-10
1,	0.015625,	64,	0.0335803,	0.0335803,	5,	17.75,	2.66861e-10
1,	0.015625,	64,	0.0167902,	0.0167902,	6,	18,	2.15146e-10
1,	0.015625,	64,	0.00839508,	0.00839508,	7,	16.7656,	6.27222e-10
1,	0.015625,	64,	0.00419754,	0.00419754,	8,	15.6719,	6.64322e-10
1,	0.0078125,	128,	0.268642,	0.268642,	2,	14.9453,	8.39388e-11
1,	0.0078125,	128,	0.134321,	0.134321,	3,	15,	1.10744e-10
1,	0.0078125,	128,	0.0671606,	0.0671606,	4,	16.2812,	1.45485e-10
1,	0.0078125,	128,	0.0335803,	0.0335803,	5,	17,	1.22448e-10
1,	0.0078125,	128,	0.0167902,	0.0167902,	6,	16.2812,	5.05197e-10
1,	0.0078125,	128,	0.00839508,	0.00839508,	7,	15.8672,	5.57833e-10
1,	0.0078125,	128,	0.00419754,	0.00419754,	8,	13.8594,	7.80873e-10
