1,	0.333333,	3,	0.0167902,	0.0167902,	6,	20
1,	0.333333,	3,	0.0167902,	0.0167902,	6,	20
1,	0.333333,	3,	0.0167902,	0.0167902,	6,	20
1,	0.333333,	3,	0.0167902,	0.0167902,	6,	20
1,	0.333333,	3,	0.0167902,	0.0167902,	6,	20
1,	0.333333,	3,	0.0167902,	0.0167902,	6,	20
1,	0.333333,	3,	0.0167902,	0.0167902,	6,	20
1,	0.333333,	3,	0.0167902,	0.0167902,	6,	20
1,	0.333333,	3,	0.0167902,	0.0167902,	6,	20
1,	0.333333,	3,	0.0167902,	0.0167902,	6,	20
1,	0.333333,	3,	0.0167902,	0.0167902,	6,	20
1,	0.333333,	3,	0.0167902,	0.0167902,	6,	20
1,	0.333333,	3,	0.0167902,	0.0167902,	6,	20
1,	0.333333,	3,	0.0167902,	0.0167902,	6,	20
1,	0.333333,	3,	0.0167902,	0.0167902,	6,	15
1,	0.333333,	3,	0.0167902,	0.0167902,	6,	6
1,	0.333333,	3,	0.0167902,	0.0167902,	6,	2
1,	0.333333,	3,	0.0167902,	0.0167902,	6,	0
1,	0.333333,	3,	0.0167902,	0.0167902,	6,	20
1,	0.333333,	3,	0.0167902,	0.0167902,	6,	15
1,	0.333333,	3,	0.0167902,	0.0167902,	6,	6
1,	0.333333,	3,	0.0167902,	0.0167902,	6,	2
1,	0.333333,	3,	0.0167902,	0.0167902,	6,	0
1,	0.333333,	3,	0.0167902,	0.0167902,	6,	20
1,	0.333333,	3,	0.0167902,	0.0167902,	6,	15
1,	0.333333,	3,	0.0167902,	0.0167902,	6,	6
1,	0.333333,	3,	0.0167902,	0.0167902,	6,	2
1,	0.333333,	3,	0.0167902,	0.0167902,	6,	0
1,	0.333333,	3,	0.0167902,	0.0167902,	6,	20
1,	0.333333,	3,	0.0167902,	0.0167902,	6,	15
1,	0.333333,	3,	0.0167902,	0.0167902,	6,	6
1,	0.333333,	3,	0.0167902,	0.0167902,	6,	2
1,	0.333333,	3,	0.0167902,	0.0167902,	6,	0
1,	0.333333,	3,	0.0167902,	0.0167902,	6,	20
1,	0.333333,	3,	0.0167902,	0.0167902,	6,	20
1,	0.333333,	3,	0.0167902,	0.0167902,	6,	15
1,	0.333333,	3,	0.0167902,	0.0167902,	6,	6
1,	0.333333,	3,	0.0167902,	0.0167902,	6,	2
1,	0.333333,	3,	0.0167902,	0.0167902,	6,	0
1,	0.02,	50,	0.0167902,	0.0167902,	6,	19
1,	0.02,	50,	0.0167902,	0.0167902,	6,	12
1,	0.02,	50,	0.0167902,	0.0167902,	6,	3
1,	0.02,	50,	0.0167902,	0.0167902,	6,	0
1,	0.01,	100,	0.0167902,	0.0167902,	6,	20
1,	0.01,	100,	0.0167902,	0.0167902,	6,	11
1,	0.01,	100,	0.0167902,	0.0167902,	6,	3
1,	0.01,	100,	0.0167902,	0.0167902,	6,	0
1,	0.01,	100,	0.0167902,	0.0167902,	6,	20
1,	0.01,	100,	0.0167902,	0.0167902,	6,	11
1,	0.01,	100,	0.0167902,	0.0167902,	6,	3
1,	0.01,	100,	0.0167902,	0.0167902,	6,	0
1,	0.01,	100,	0.0167902,	0.0167902,	6,	20
1,	0.01,	100,	0.0167902,	0.0167902,	6,	11
1,	0.01,	100,	0.0167902,	0.0167902,	6,	3
1,	0.01,	100,	0.0167902,	0.0167902,	6,	0
50,	0.5,	100,	0.0167902,	0.0167902,	6,	19
50,	0.5,	100,	0.0167902,	0.0167902,	6,	54
50,	0.5,	100,	0.0167902,	0.0167902,	6,	47
50,	0.5,	100,	0.0167902,	0.0167902,	6,	38
50,	0.5,	100,	0.0167902,	0.0167902,	6,	31
50,	0.5,	100,	0.0167902,	0.0167902,	6,	25
50,	0.5,	100,	0.0167902,	0.0167902,	6,	18
