1,	0.5,	2,	0.268642,	0.268642,	2,	23
1,	0.5,	2,	0.134321,	0.134321,	3,	22
1,	0.5,	2,	0.0671606,	0.0671606,	4,	22
1,	0.5,	2,	0.0335803,	0.0335803,	5,	20
1,	0.5,	2,	0.0167902,	0.0167902,	6,	19
1,	0.25,	4,	0.134321,	0.134321,	3,	29
1,	0.25,	4,	0.0671606,	0.0671606,	4,	28
1,	0.25,	4,	0.0335803,	0.0335803,	5,	9
1,	0.25,	4,	0.0167902,	0.0167902,	6,	24
1,	0.25,	4,	0.134321,	0.134321,	3,	29
1,	0.25,	4,	0.0671606,	0.0671606,	4,	28
1,	0.25,	4,	0.0335803,	0.0335803,	5,	9
1,	0.25,	4,	0.0167902,	0.0167902,	6,	24
1,	0.25,	4,	0.00839508,	0.00839508,	7,	22
1,	0.25,	4,	0.00419754,	0.00419754,	8,	21
1,	0.125,	8,	0.134321,	0.134321,	3,	44
1,	0.125,	8,	0.0671606,	0.0671606,	4,	41
1,	0.125,	8,	0.0335803,	0.0335803,	5,	9
1,	0.125,	8,	0.0167902,	0.0167902,	6,	35
1,	0.125,	8,	0.00839508,	0.00839508,	7,	33
1,	0.125,	8,	0.00419754,	0.00419754,	8,	31
1,	0.0625,	16,	0.134321,	0.134321,	3,	195
1,	0.0625,	16,	0.0671606,	0.0671606,	4,	121
1,	0.0625,	16,	0.0335803,	0.0335803,	5,	9
1,	0.0625,	16,	0.0167902,	0.0167902,	6,	118
1,	0.0625,	16,	0.00839508,	0.00839508,	7,	121
1,	0.0625,	16,	0.00419754,	0.00419754,	8,	118
1,	0.03125,	32,	0.134321,	0.134321,	3,	1
1,	0.03125,	32,	0.0671606,	0.0671606,	4,	5
1,	0.03125,	32,	0.0335803,	0.0335803,	5,	8
1,	0.03125,	32,	0.0167902,	0.0167902,	6,	169
1,	0.03125,	32,	0.00839508,	0.00839508,	7,	200
1,	0.03125,	32,	0.00419754,	0.00419754,	8,	200
1,	0.015625,	64,	0.134321,	0.134321,	3,	5
1,	0.015625,	64,	0.0671606,	0.0671606,	4,	195
1,	0.015625,	64,	0.0335803,	0.0335803,	5,	10
1,	0.015625,	64,	0.0167902,	0.0167902,	6,	194
1,	0.015625,	64,	0.00839508,	0.00839508,	7,	194
1,	0.015625,	64,	0.00419754,	0.00419754,	8,	200
1,	0.0078125,	128,	0.134321,	0.134321,	3,	9
1,	0.0078125,	128,	0.0671606,	0.0671606,	4,	195
1,	0.0078125,	128,	0.0335803,	0.0335803,	5,	10
1,	0.0078125,	128,	0.0167902,	0.0167902,	6,	194
1,	0.25,	4,	0.268642,	0.268642,	2,	26
1,	0.25,	4,	0.134321,	0.134321,	3,	25
1,	0.25,	4,	0.0671606,	0.0671606,	4,	25
1,	0.25,	4,	0.0335803,	0.0335803,	5,	23
1,	0.25,	4,	0.0167902,	0.0167902,	6,	22
1,	0.25,	4,	0.00839508,	0.00839508,	7,	21
1,	0.25,	4,	0.00419754,	0.00419754,	8,	19
1,	0.125,	8,	0.268642,	0.268642,	2,	32
1,	0.125,	8,	0.134321,	0.134321,	3,	32
1,	0.125,	8,	0.0671606,	0.0671606,	4,	32
1,	0.125,	8,	0.0335803,	0.0335803,	5,	29
1,	0.125,	8,	0.0167902,	0.0167902,	6,	28
1,	0.125,	8,	0.00839508,	0.00839508,	7,	26
1,	0.125,	8,	0.00419754,	0.00419754,	8,	25
1,	0.0625,	16,	0.268642,	0.268642,	2,	38
1,	0.0625,	16,	0.134321,	0.134321,	3,	113
1,	0.0625,	16,	0.0671606,	0.0671606,	4,	113
1,	0.0625,	16,	0.0335803,	0.0335803,	5,	111
1,	0.0625,	16,	0.0167902,	0.0167902,	6,	110
1,	0.0625,	16,	0.00839508,	0.00839508,	7,	78
1,	0.0625,	16,	0.00419754,	0.00419754,	8,	36
1,	0.03125,	32,	0.268642,	0.268642,	2,	118
1,	0.03125,	32,	0.134321,	0.134321,	3,	138
1,	0.03125,	32,	0.0671606,	0.0671606,	4,	136
1,	0.03125,	32,	0.0335803,	0.0335803,	5,	143
1,	0.03125,	32,	0.0167902,	0.0167902,	6,	156
1,	0.03125,	32,	0.00839508,	0.00839508,	7,	200
1,	0.03125,	32,	0.00419754,	0.00419754,	8,	148
1,	0.015625,	64,	0.268642,	0.268642,	2,	200
1,	0.015625,	64,	0.134321,	0.134321,	3,	200
1,	0.015625,	64,	0.0671606,	0.0671606,	4,	200
1,	0.015625,	64,	0.0335803,	0.0335803,	5,	200
1,	0.015625,	64,	0.0167902,	0.0167902,	6,	200
1,	0.015625,	64,	0.00839508,	0.00839508,	7,	200
