1,	0.5,	2,	0.268642,	0.268642,	2,	13
1,	0.5,	2,	0.134321,	0.134321,	3,	13
1,	0.5,	2,	0.0671606,	0.0671606,	4,	13
1,	0.5,	2,	0.0335803,	0.0335803,	5,	13
1,	0.5,	2,	0.0167902,	0.0167902,	6,	13
1,	0.5,	2,	0.00839508,	0.00839508,	7,	13
1,	0.5,	2,	0.00419754,	0.00419754,	8,	13
2,	0.5,	4,	0.268642,	0.268642,	2,	14
2,	0.5,	4,	0.134321,	0.134321,	3,	13
2,	0.5,	4,	0.0671606,	0.0671606,	4,	13
2,	0.5,	4,	0.0335803,	0.0335803,	5,	13
2,	0.5,	4,	0.0167902,	0.0167902,	6,	13
2,	0.5,	4,	0.00839508,	0.00839508,	7,	13
2,	0.5,	4,	0.00419754,	0.00419754,	8,	13
4,	0.5,	8,	0.268642,	0.268642,	2,	14
4,	0.5,	8,	0.134321,	0.134321,	3,	13
4,	0.5,	8,	0.0671606,	0.0671606,	4,	13
4,	0.5,	8,	0.0335803,	0.0335803,	5,	13
4,	0.5,	8,	0.0167902,	0.0167902,	6,	13
4,	0.5,	8,	0.00839508,	0.00839508,	7,	13
4,	0.5,	8,	0.00419754,	0.00419754,	8,	13
8,	0.5,	16,	0.268642,	0.268642,	2,	13
8,	0.5,	16,	0.134321,	0.134321,	3,	13
8,	0.5,	16,	0.0671606,	0.0671606,	4,	13
8,	0.5,	16,	0.0335803,	0.0335803,	5,	13
8,	0.5,	16,	0.0167902,	0.0167902,	6,	13
8,	0.5,	16,	0.00839508,	0.00839508,	7,	13
8,	0.5,	16,	0.00419754,	0.00419754,	8,	13
16,	0.5,	32,	0.268642,	0.268642,	2,	13
16,	0.5,	32,	0.134321,	0.134321,	3,	13
16,	0.5,	32,	0.0671606,	0.0671606,	4,	13
16,	0.5,	32,	0.0335803,	0.0335803,	5,	13
16,	0.5,	32,	0.0167902,	0.0167902,	6,	13
16,	0.5,	32,	0.00839508,	0.00839508,	7,	13
16,	0.5,	32,	0.00419754,	0.00419754,	8,	13
32,	0.5,	64,	0.268642,	0.268642,	2,	13
32,	0.5,	64,	0.134321,	0.134321,	3,	13
32,	0.5,	64,	0.0671606,	0.0671606,	4,	13
32,	0.5,	64,	0.0335803,	0.0335803,	5,	13
32,	0.5,	64,	0.0167902,	0.0167902,	6,	13
32,	0.5,	64,	0.00839508,	0.00839508,	7,	13
32,	0.5,	64,	0.00419754,	0.00419754,	8,	13
64,	0.5,	128,	0.268642,	0.268642,	2,	14
64,	0.5,	128,	0.134321,	0.134321,	3,	14
64,	0.5,	128,	0.0671606,	0.0671606,	4,	13
64,	0.5,	128,	0.0335803,	0.0335803,	5,	13
64,	0.5,	128,	0.0167902,	0.0167902,	6,	13
64,	0.5,	128,	0.00839508,	0.00839508,	7,	13
64,	0.5,	128,	0.00419754,	0.00419754,	8,	00
