1,	0.5,	2,	0.134321,	0.134321,	3,	55
1,	0.5,	2,	0.0671606,	0.0671606,	4,	40
1,	0.5,	2,	0.0335803,	0.0335803,	5,	37
1,	0.5,	2,	0.0167902,	0.0167902,	6,	35
1,	0.5,	2,	0.00839508,	0.00839508,	7,	31
1,	0.5,	2,	0.00419754,	0.00419754,	8,	30
1,	0.25,	4,	0.134321,	0.134321,	3,	68
1,	0.25,	4,	0.0671606,	0.0671606,	4,	47
1,	0.25,	4,	0.0335803,	0.0335803,	5,	41
1,	0.25,	4,	0.0167902,	0.0167902,	6,	37
1,	0.25,	4,	0.00839508,	0.00839508,	7,	33
1,	0.25,	4,	0.00419754,	0.00419754,	8,	32
1,	0.125,	8,	0.0671606,	0.0671606,	4,	51
1,	0.125,	8,	0.0335803,	0.0335803,	5,	43
1,	0.125,	8,	0.0167902,	0.0167902,	6,	40
1,	0.125,	8,	0.00839508,	0.00839508,	7,	36
1,	0.125,	8,	0.00419754,	0.00419754,	8,	35
1,	0.0625,	16,	0.0335803,	0.0335803,	5,	45
1,	0.0625,	16,	0.0167902,	0.0167902,	6,	40
1,	0.0625,	16,	0.00839508,	0.00839508,	7,	37
1,	0.0625,	16,	0.00419754,	0.00419754,	8,	36
1,	0.03125,	32,	0.0335803,	0.0335803,	5,	45
1,	0.03125,	32,	0.0167902,	0.0167902,	6,	42
1,	0.03125,	32,	0.00839508,	0.00839508,	7,	38
1,	0.03125,	32,	0.00419754,	0.00419754,	8,	36
1,	0.015625,	64,	0.0335803,	0.0335803,	5,	112
1,	0.015625,	64,	0.0167902,	0.0167902,	6,	43
1,	0.015625,	64,	0.00839508,	0.00839508,	7,	43
1,	0.015625,	64,	0.00419754,	0.00419754,	8,	44
1,	0.0078125,	128,	0.0167902,	0.0167902,	6,	45
1,	0.0078125,	128,	0.00839508,	0.00839508,	7,	123
1,	0.0078125,	128,	0.00419754,	0.00419754,	8,	118
1,	0.333333,	3,	0.268642,	0.268642,	2,	200
1,	0.333333,	3,	0.268642,	0.268642,	2,	79
1,	0.333333,	3,	0.537285,	0.537285,	1,	27
1,	0.333333,	3,	1.07457,	1.07457,	0,	200
1,	0.0625,	16,	0.00839508,	0.00839508,	7,	37
