1,	0.333333,	3,	0.0335803,	0.0335803,	5,	0
1,	0.333333,	3,	0.0335803,	0.0335803,	5,	0
1,	0.333333,	3,	0.0335803,	0.0335803,	5,	0
1,	0.333333,	3,	0.0335803,	0.0335803,	5,	0
1,	0.333333,	3,	0.0335803,	0.0335803,	5,	0
1,	0.333333,	3,	0.0335803,	0.0335803,	5,	22
1,	0.333333,	3,	1.07457,	1.07457,	0,	200
1,	0.333333,	3,	1.07457,	1.07457,	0,	0
1,	0.333333,	3,	1.07457,	1.07457,	0,	0
1,	0.333333,	3,	1.07457,	1.07457,	0,	0
1,	0.333333,	3,	1.07457,	1.07457,	0,	0
1,	0.333333,	3,	1.07457,	1.07457,	0,	200
1,	0.333333,	3,	1.07457,	1.07457,	0,	200
1,	0.333333,	3,	0.537285,	0.537285,	1,	21
