1,	0.5,	2,	0.268642,	0.268642,	2,	23
1,	0.5,	2,	0.134321,	0.134321,	3,	22
1,	0.5,	2,	0.0671606,	0.0671606,	4,	22
1,	0.5,	2,	0.0335803,	0.0335803,	5,	21
1,	0.5,	2,	0.0167902,	0.0167902,	6,	19
1,	0.5,	2,	0.00839508,	0.00839508,	7,	18
1,	0.5,	2,	0.00419754,	0.00419754,	8,	18
1,	0.25,	4,	0.268642,	0.268642,	2,	24
1,	0.25,	4,	0.134321,	0.134321,	3,	23
1,	0.25,	4,	0.0671606,	0.0671606,	4,	23
1,	0.25,	4,	0.0335803,	0.0335803,	5,	21
1,	0.25,	4,	0.0167902,	0.0167902,	6,	19
1,	0.25,	4,	0.00839508,	0.00839508,	7,	19
1,	0.25,	4,	0.00419754,	0.00419754,	8,	18
1,	0.125,	8,	0.268642,	0.268642,	2,	25
1,	0.125,	8,	0.134321,	0.134321,	3,	23
1,	0.125,	8,	0.0671606,	0.0671606,	4,	23
1,	0.125,	8,	0.0335803,	0.0335803,	5,	21
1,	0.125,	8,	0.0167902,	0.0167902,	6,	20
1,	0.125,	8,	0.00839508,	0.00839508,	7,	19
1,	0.125,	8,	0.00419754,	0.00419754,	8,	19
1,	0.0625,	16,	0.268642,	0.268642,	2,	26
1,	0.0625,	16,	0.134321,	0.134321,	3,	24
1,	0.0625,	16,	0.0671606,	0.0671606,	4,	23
1,	0.0625,	16,	0.0335803,	0.0335803,	5,	20
1,	0.0625,	16,	0.0167902,	0.0167902,	6,	19
1,	0.0625,	16,	0.00839508,	0.00839508,	7,	19
1,	0.0625,	16,	0.00419754,	0.00419754,	8,	18
1,	0.03125,	32,	0.268642,	0.268642,	2,	25
1,	0.03125,	32,	0.134321,	0.134321,	3,	24
1,	0.03125,	32,	0.0671606,	0.0671606,	4,	23
1,	0.03125,	32,	0.0335803,	0.0335803,	5,	21
1,	0.03125,	32,	0.0167902,	0.0167902,	6,	20
1,	0.03125,	32,	0.00839508,	0.00839508,	7,	19
1,	0.03125,	32,	0.00419754,	0.00419754,	8,	18
1,	0.015625,	64,	0.268642,	0.268642,	2,	26
1,	0.015625,	64,	0.134321,	0.134321,	3,	25
1,	0.015625,	64,	0.0671606,	0.0671606,	4,	23
1,	0.015625,	64,	0.0335803,	0.0335803,	5,	20
1,	0.015625,	64,	0.0167902,	0.0167902,	6,	19
1,	0.015625,	64,	0.00839508,	0.00839508,	7,	18
1,	0.015625,	64,	0.00419754,	0.00419754,	8,	17
1,	0.0078125,	128,	0.268642,	0.268642,	2,	26
1,	0.0078125,	128,	0.134321,	0.134321,	3,	25
1,	0.0078125,	128,	0.0671606,	0.0671606,	4,	22
1,	0.0078125,	128,	0.0335803,	0.0335803,	5,	21
1,	0.0078125,	128,	0.0167902,	0.0167902,	6,	20
1,	0.0078125,	128,	0.00839508,	0.00839508,	7,	19
1,	0.0078125,	128,	0.00419754,	0.00419754,	8,	17
