1,	0.5,	2,	0.268642,	0.268642,	2,	30
1,	0.5,	2,	0.134321,	0.134321,	3,	30
1,	0.5,	2,	0.0671606,	0.0671606,	4,	28
1,	0.5,	2,	0.0335803,	0.0335803,	5,	29
1,	0.5,	2,	0.0167902,	0.0167902,	6,	32
1,	0.5,	2,	0.00839508,	0.00839508,	7,	44
1,	0.5,	2,	0.00419754,	0.00419754,	8,	58
1,	0.25,	4,	0.268642,	0.268642,	2,	48
1,	0.25,	4,	0.134321,	0.134321,	3,	34
1,	0.25,	4,	0.0671606,	0.0671606,	4,	30
1,	0.25,	4,	0.0335803,	0.0335803,	5,	31
1,	0.25,	4,	0.0167902,	0.0167902,	6,	46
1,	0.25,	4,	0.00839508,	0.00839508,	7,	60
1,	0.25,	4,	0.00419754,	0.00419754,	8,	91
1,	0.125,	8,	0.268642,	0.268642,	2,	51
1,	0.125,	8,	0.134321,	0.134321,	3,	37
1,	0.125,	8,	0.0671606,	0.0671606,	4,	34
1,	0.125,	8,	0.0335803,	0.0335803,	5,	35
1,	0.125,	8,	0.0167902,	0.0167902,	6,	50
1,	0.125,	8,	0.00839508,	0.00839508,	7,	73
1,	0.125,	8,	0.00419754,	0.00419754,	8,	158
1,	0.0625,	16,	0.268642,	0.268642,	2,	45
1,	0.0625,	16,	0.134321,	0.134321,	3,	118
1,	0.0625,	16,	0.0671606,	0.0671606,	4,	80
1,	0.0625,	16,	0.0335803,	0.0335803,	5,	37
1,	0.0625,	16,	0.0167902,	0.0167902,	6,	41
1,	0.0625,	16,	0.00839508,	0.00839508,	7,	200
1,	0.0625,	16,	0.00419754,	0.00419754,	8,	200
1,	0.03125,	32,	0.268642,	0.268642,	2,	107
1,	0.03125,	32,	0.134321,	0.134321,	3,	130
1,	0.03125,	32,	0.0671606,	0.0671606,	4,	43
1,	0.03125,	32,	0.0335803,	0.0335803,	5,	110
1,	0.03125,	32,	0.0167902,	0.0167902,	6,	117
1,	0.03125,	32,	0.00839508,	0.00839508,	7,	200
1,	0.03125,	32,	0.00419754,	0.00419754,	8,	200
1,	0.015625,	64,	0.268642,	0.268642,	2,	108
1,	0.015625,	64,	0.134321,	0.134321,	3,	114
1,	0.015625,	64,	0.0671606,	0.0671606,	4,	176
1,	0.015625,	64,	0.0335803,	0.0335803,	5,	185
1,	0.015625,	64,	0.0167902,	0.0167902,	6,	126
1,	0.015625,	64,	0.00839508,	0.00839508,	7,	130
1,	0.0078125,	128,	0.268642,	0.268642,	2,	128
1,	0.0078125,	128,	0.134321,	0.134321,	3,	122
1,	0.0078125,	128,	0.0671606,	0.0671606,	4,	200
1,	0.0078125,	128,	0.0335803,	0.0335803,	5,	200
1,	0.0078125,	128,	0.0167902,	0.0167902,	6,	200
1,	0.0078125,	128,	0.00839508,	0.00839508,	7,	200
1,	0.5,	2,	0.268642,	0.268642,	2,	30
1,	0.5,	2,	0.134321,	0.134321,	3,	30
1,	0.5,	2,	0.0671606,	0.0671606,	4,	28
1,	0.5,	2,	0.0335803,	0.0335803,	5,	29
1,	0.5,	2,	0.0167902,	0.0167902,	6,	32
1,	0.5,	2,	0.268642,	0.268642,	2,	30
1,	0.5,	2,	0.134321,	0.134321,	3,	30
1,	0.5,	2,	0.0671606,	0.0671606,	4,	28
1,	0.5,	2,	0.268642,	0.268642,	2,	30
1,	0.5,	2,	0.134321,	0.134321,	3,	30
1,	0.5,	2,	0.0671606,	0.0671606,	4,	28
1,	0.5,	2,	0.0335803,	0.0335803,	5,	29
1,	0.5,	2,	0.0167902,	0.0167902,	6,	32
1,	0.5,	2,	0.00839508,	0.00839508,	7,	44
1,	0.5,	2,	0.00419754,	0.00419754,	8,	58
1,	0.25,	4,	0.268642,	0.268642,	2,	48
1,	0.25,	4,	0.134321,	0.134321,	3,	34
1,	0.25,	4,	0.0671606,	0.0671606,	4,	30
1,	0.25,	4,	0.0335803,	0.0335803,	5,	31
1,	0.25,	4,	0.0167902,	0.0167902,	6,	46
1,	0.25,	4,	0.00839508,	0.00839508,	7,	60
1,	0.25,	4,	0.00419754,	0.00419754,	8,	91
1,	0.125,	8,	0.268642,	0.268642,	2,	51
1,	0.125,	8,	0.134321,	0.134321,	3,	37
1,	0.125,	8,	0.0671606,	0.0671606,	4,	34
1,	0.125,	8,	0.0335803,	0.0335803,	5,	35
1,	0.125,	8,	0.0167902,	0.0167902,	6,	50
1,	0.125,	8,	0.00839508,	0.00839508,	7,	73
1,	0.125,	8,	0.00419754,	0.00419754,	8,	158
1,	0.0625,	16,	0.268642,	0.268642,	2,	45
1,	0.0625,	16,	0.134321,	0.134321,	3,	118
1,	0.0625,	16,	0.0671606,	0.0671606,	4,	80
1,	0.0625,	16,	0.0335803,	0.0335803,	5,	37
1,	0.0625,	16,	0.0167902,	0.0167902,	6,	41
1,	0.0625,	16,	0.00839508,	0.00839508,	7,	200
1,	0.0625,	16,	0.00419754,	0.00419754,	8,	200
1,	0.03125,	32,	0.268642,	0.268642,	2,	107
1,	0.03125,	32,	0.134321,	0.134321,	3,	130
1,	0.03125,	32,	0.0671606,	0.0671606,	4,	43
1,	0.03125,	32,	0.0335803,	0.0335803,	5,	110
1,	0.03125,	32,	0.0167902,	0.0167902,	6,	117
1,	0.03125,	32,	0.00839508,	0.00839508,	7,	200
1,	0.03125,	32,	0.00419754,	0.00419754,	8,	200
1,	0.015625,	64,	0.268642,	0.268642,	2,	108
1,	0.015625,	64,	0.134321,	0.134321,	3,	114
1,	0.015625,	64,	0.0671606,	0.0671606,	4,	176
1,	0.015625,	64,	0.0335803,	0.0335803,	5,	185
1,	0.015625,	64,	0.0167902,	0.0167902,	6,	126
1,	0.015625,	64,	0.00839508,	0.00839508,	7,	130
