1,	0.25,	4,	0.268642,	0.268642,	2,	30
1,	0.25,	4,	0.134321,	0.134321,	3,	200
1,	0.25,	4,	0.0671606,	0.0671606,	4,	28
1,	0.25,	4,	0.0335803,	0.0335803,	5,	27
1,	0.25,	4,	0.0167902,	0.0167902,	6,	24
1,	0.25,	4,	0.00839508,	0.00839508,	7,	23
1,	0.25,	4,	0.00419754,	0.00419754,	8,	22
1,	0.125,	8,	0.268642,	0.268642,	2,	36
1,	0.125,	8,	0.134321,	0.134321,	3,	200
1,	0.125,	8,	0.0671606,	0.0671606,	4,	34
1,	0.125,	8,	0.0335803,	0.0335803,	5,	33
1,	0.125,	8,	0.0167902,	0.0167902,	6,	31
1,	0.125,	8,	0.00839508,	0.00839508,	7,	29
1,	0.125,	8,	0.00419754,	0.00419754,	8,	27
1,	0.0625,	16,	0.268642,	0.268642,	2,	44
1,	0.0625,	16,	0.134321,	0.134321,	3,	200
1,	0.0625,	16,	0.0671606,	0.0671606,	4,	113
1,	0.0625,	16,	0.0335803,	0.0335803,	5,	115
1,	0.0625,	16,	0.0167902,	0.0167902,	6,	124
1,	0.0625,	16,	0.00839508,	0.00839508,	7,	111
1,	0.0625,	16,	0.00419754,	0.00419754,	8,	41
1,	0.03125,	32,	0.268642,	0.268642,	2,	119
1,	0.03125,	32,	0.134321,	0.134321,	3,	200
1,	0.03125,	32,	0.0671606,	0.0671606,	4,	200
1,	0.03125,	32,	0.0335803,	0.0335803,	5,	200
1,	0.03125,	32,	0.0167902,	0.0167902,	6,	200
1,	0.03125,	32,	0.00839508,	0.00839508,	7,	200
