1,	0.5,	2,	0.268642,	0.268642,	2,	119
1,	0.5,	2,	0.134321,	0.134321,	3,	119
1,	0.5,	2,	0.0671606,	0.0671606,	4,	123
1,	0.5,	2,	0.0335803,	0.0335803,	5,	125
1,	0.5,	2,	0.0167902,	0.0167902,	6,	200
1,	0.5,	2,	0.00839508,	0.00839508,	7,	200
1,	0.5,	2,	0.00419754,	0.00419754,	8,	200
1,	0.25,	4,	0.268642,	0.268642,	2,	117
1,	0.25,	4,	0.134321,	0.134321,	3,	125
1,	0.25,	4,	0.0671606,	0.0671606,	4,	121
1,	0.25,	4,	0.0335803,	0.0335803,	5,	155
1,	0.25,	4,	0.0167902,	0.0167902,	6,	139
1,	0.25,	4,	0.00839508,	0.00839508,	7,	200
1,	0.25,	4,	0.00419754,	0.00419754,	8,	200
1,	0.125,	8,	0.268642,	0.268642,	2,	106
1,	0.125,	8,	0.134321,	0.134321,	3,	116
1,	0.125,	8,	0.0671606,	0.0671606,	4,	122
1,	0.125,	8,	0.0335803,	0.0335803,	5,	200
1,	0.125,	8,	0.0167902,	0.0167902,	6,	142
1,	0.125,	8,	0.00839508,	0.00839508,	7,	200
1,	0.125,	8,	0.00419754,	0.00419754,	8,	153
1,	0.0625,	16,	0.268642,	0.268642,	2,	45
1,	0.0625,	16,	0.134321,	0.134321,	3,	77
1,	0.0625,	16,	0.0671606,	0.0671606,	4,	118
1,	0.0625,	16,	0.0335803,	0.0335803,	5,	120
1,	0.0625,	16,	0.0167902,	0.0167902,	6,	200
1,	0.0625,	16,	0.00839508,	0.00839508,	7,	200
1,	0.0625,	16,	0.00419754,	0.00419754,	8,	200
1,	0.03125,	32,	0.268642,	0.268642,	2,	47
1,	0.03125,	32,	0.134321,	0.134321,	3,	43
1,	0.03125,	32,	0.0671606,	0.0671606,	4,	109
1,	0.03125,	32,	0.0335803,	0.0335803,	5,	116
1,	0.03125,	32,	0.0167902,	0.0167902,	6,	200
1,	0.03125,	32,	0.00839508,	0.00839508,	7,	200
1,	0.03125,	32,	0.00419754,	0.00419754,	8,	200
1,	0.015625,	64,	0.268642,	0.268642,	2,	153
1,	0.015625,	64,	0.134321,	0.134321,	3,	45
1,	0.015625,	64,	0.0671606,	0.0671606,	4,	43
1,	0.015625,	64,	0.0335803,	0.0335803,	5,	43
1,	0.015625,	64,	0.0167902,	0.0167902,	6,	112
1,	0.015625,	64,	0.00839508,	0.00839508,	7,	138
