1,	0.5,	2,	0.268642,	0.268642,	2,	23
1,	0.5,	2,	0.134321,	0.134321,	3,	22
1,	0.5,	2,	0.0671606,	0.0671606,	4,	22
1,	0.5,	2,	0.0335803,	0.0335803,	5,	20
1,	0.5,	2,	0.0167902,	0.0167902,	6,	19
1,	0.5,	2,	0.00839508,	0.00839508,	7,	18
1,	0.5,	2,	0.00419754,	0.00419754,	8,	17
1,	0.25,	4,	0.268642,	0.268642,	2,	24
1,	0.25,	4,	0.134321,	0.134321,	3,	23
1,	0.25,	4,	0.0671606,	0.0671606,	4,	23
1,	0.25,	4,	0.0335803,	0.0335803,	5,	21
1,	0.25,	4,	0.0167902,	0.0167902,	6,	20
1,	0.25,	4,	0.00839508,	0.00839508,	7,	19
1,	0.25,	4,	0.00419754,	0.00419754,	8,	18
1,	0.125,	8,	0.268642,	0.268642,	2,	26
1,	0.125,	8,	0.134321,	0.134321,	3,	25
1,	0.125,	8,	0.0671606,	0.0671606,	4,	24
1,	0.125,	8,	0.0335803,	0.0335803,	5,	22
1,	0.125,	8,	0.0167902,	0.0167902,	6,	21
1,	0.125,	8,	0.00839508,	0.00839508,	7,	20
1,	0.125,	8,	0.00419754,	0.00419754,	8,	19
1,	0.0625,	16,	0.268642,	0.268642,	2,	27
1,	0.0625,	16,	0.134321,	0.134321,	3,	26
1,	0.0625,	16,	0.0671606,	0.0671606,	4,	25
1,	0.0625,	16,	0.0335803,	0.0335803,	5,	23
1,	0.0625,	16,	0.0167902,	0.0167902,	6,	22
1,	0.0625,	16,	0.00839508,	0.00839508,	7,	21
1,	0.0625,	16,	0.00419754,	0.00419754,	8,	19
1,	0.03125,	32,	0.268642,	0.268642,	2,	64
1,	0.03125,	32,	0.134321,	0.134321,	3,	32
1,	0.03125,	32,	0.0671606,	0.0671606,	4,	26
1,	0.03125,	32,	0.0335803,	0.0335803,	5,	25
1,	0.03125,	32,	0.0167902,	0.0167902,	6,	22
1,	0.03125,	32,	0.00839508,	0.00839508,	7,	21
1,	0.03125,	32,	0.00419754,	0.00419754,	8,	20
1,	0.015625,	64,	0.268642,	0.268642,	2,	115
1,	0.015625,	64,	0.134321,	0.134321,	3,	37
1,	0.015625,	64,	0.0671606,	0.0671606,	4,	108
1,	0.015625,	64,	0.0335803,	0.0335803,	5,	26
1,	0.015625,	64,	0.0167902,	0.0167902,	6,	23
1,	0.015625,	64,	0.00839508,	0.00839508,	7,	22
1,	0.015625,	64,	0.00419754,	0.00419754,	8,	22
1,	0.0078125,	128,	0.268642,	0.268642,	2,	120
1,	0.0078125,	128,	0.134321,	0.134321,	3,	114
1,	0.0078125,	128,	0.0671606,	0.0671606,	4,	116
1,	0.0078125,	128,	0.0335803,	0.0335803,	5,	115
1,	0.0078125,	128,	0.0167902,	0.0167902,	6,	107
1,	0.0078125,	128,	0.00839508,	0.00839508,	7,	114
1,	0.0078125,	128,	0.00419754,	0.00419754,	8,	79
