1,	0.5,	2,	0.268642,	0.268642,	2,	17
1,	0.5,	2,	0.134321,	0.134321,	3,	17
1,	0.5,	2,	0.0671606,	0.0671606,	4,	15
1,	0.5,	2,	0.0335803,	0.0335803,	5,	17
1,	0.5,	2,	0.0167902,	0.0167902,	6,	16
1,	0.5,	2,	0.00839508,	0.00839508,	7,	16
1,	0.5,	2,	0.00419754,	0.00419754,	8,	23
1,	0.25,	4,	0.268642,	0.268642,	2,	26
1,	0.25,	4,	0.134321,	0.134321,	3,	32
1,	0.25,	4,	0.0671606,	0.0671606,	4,	24
1,	0.25,	4,	0.0335803,	0.0335803,	5,	23
1,	0.25,	4,	0.0167902,	0.0167902,	6,	23
1,	0.25,	4,	0.00839508,	0.00839508,	7,	27
1,	0.25,	4,	0.00419754,	0.00419754,	8,	29
1,	0.125,	8,	0.268642,	0.268642,	2,	38
1,	0.125,	8,	0.134321,	0.134321,	3,	53
1,	0.125,	8,	0.0671606,	0.0671606,	4,	35
1,	0.125,	8,	0.0335803,	0.0335803,	5,	38
1,	0.125,	8,	0.0167902,	0.0167902,	6,	38
1,	0.125,	8,	0.00839508,	0.00839508,	7,	37
1,	0.125,	8,	0.00419754,	0.00419754,	8,	28
1,	0.0625,	16,	0.268642,	0.268642,	2,	58
1,	0.0625,	16,	0.134321,	0.134321,	3,	200
1,	0.0625,	16,	0.0671606,	0.0671606,	4,	83
1,	0.0625,	16,	0.0335803,	0.0335803,	5,	57
1,	0.0625,	16,	0.0167902,	0.0167902,	6,	64
1,	0.0625,	16,	0.00839508,	0.00839508,	7,	71
1,	0.0625,	16,	0.00419754,	0.00419754,	8,	69
1,	0.03125,	32,	0.268642,	0.268642,	2,	194
1,	0.03125,	32,	0.134321,	0.134321,	3,	200
1,	0.03125,	32,	0.0671606,	0.0671606,	4,	200
1,	0.03125,	32,	0.0335803,	0.0335803,	5,	200
1,	0.03125,	32,	0.0167902,	0.0167902,	6,	200
1,	0.03125,	32,	0.00839508,	0.00839508,	7,	200
1,	0.03125,	32,	0.00419754,	0.00419754,	8,	129
1,	0.015625,	64,	0.268642,	0.268642,	2,	200
1,	0.015625,	64,	0.134321,	0.134321,	3,	200
1,	0.015625,	64,	0.0671606,	0.0671606,	4,	200
1,	0.015625,	64,	0.0335803,	0.0335803,	5,	200
1,	0.015625,	64,	0.0167902,	0.0167902,	6,	200
1,	0.015625,	64,	0.00839508,	0.00839508,	7,	200
1,	0.015625,	64,	0.00419754,	0.00419754,	8,	200
1,	0.0078125,	128,	0.268642,	0.268642,	2,	200
1,	0.0078125,	128,	0.134321,	0.134321,	3,	200
1,	0.0078125,	128,	0.0671606,	0.0671606,	4,	200
1,	0.0078125,	128,	0.0335803,	0.0335803,	5,	200
1,	0.0078125,	128,	0.0167902,	0.0167902,	6,	200
1,	0.0078125,	128,	0.00839508,	0.00839508,	7,	200
1,	0.0078125,	128,	0.00419754,	0.00419754,	8,	200
