1,	0.5,	2,	0.268642,	0.268642,	2,	52
1,	0.5,	2,	0.134321,	0.134321,	3,	64
1,	0.5,	2,	0.0671606,	0.0671606,	4,	68
1,	0.5,	2,	0.0335803,	0.0335803,	5,	72
1,	0.5,	2,	0.0167902,	0.0167902,	6,	55
1,	0.5,	2,	0.00839508,	0.00839508,	7,	58
1,	0.5,	2,	0.00419754,	0.00419754,	8,	57
1,	0.25,	4,	0.268642,	0.268642,	2,	96
1,	0.25,	4,	0.134321,	0.134321,	3,	194
1,	0.25,	4,	0.0671606,	0.0671606,	4,	200
1,	0.25,	4,	0.0335803,	0.0335803,	5,	182
1,	0.25,	4,	0.0167902,	0.0167902,	6,	56
1,	0.25,	4,	0.00839508,	0.00839508,	7,	28
1,	0.25,	4,	0.00419754,	0.00419754,	8,	84
1,	0.125,	8,	0.268642,	0.268642,	2,	200
1,	0.125,	8,	0.134321,	0.134321,	3,	200
1,	0.125,	8,	0.0671606,	0.0671606,	4,	200
1,	0.125,	8,	0.0335803,	0.0335803,	5,	100
1,	0.125,	8,	0.0167902,	0.0167902,	6,	29
1,	0.125,	8,	0.00839508,	0.00839508,	7,	27
1,	0.125,	8,	0.00419754,	0.00419754,	8,	200
1,	0.0625,	16,	0.268642,	0.268642,	2,	200
1,	0.0625,	16,	0.134321,	0.134321,	3,	200
1,	0.0625,	16,	0.0671606,	0.0671606,	4,	100
1,	0.0625,	16,	0.0335803,	0.0335803,	5,	55
1,	0.0625,	16,	0.0167902,	0.0167902,	6,	26
1,	0.0625,	16,	0.00839508,	0.00839508,	7,	27
1,	0.0625,	16,	0.00419754,	0.00419754,	8,	200
1,	0.03125,	32,	0.268642,	0.268642,	2,	200
1,	0.03125,	32,	0.134321,	0.134321,	3,	200
1,	0.03125,	32,	0.0671606,	0.0671606,	4,	100
1,	0.03125,	32,	0.0335803,	0.0335803,	5,	26
1,	0.03125,	32,	0.0167902,	0.0167902,	6,	26
1,	0.03125,	32,	0.00839508,	0.00839508,	7,	25
1,	0.03125,	32,	0.00419754,	0.00419754,	8,	200
1,	0.015625,	64,	0.268642,	0.268642,	2,	200
1,	0.015625,	64,	0.134321,	0.134321,	3,	100
1,	0.015625,	64,	0.0671606,	0.0671606,	4,	100
1,	0.015625,	64,	0.0335803,	0.0335803,	5,	26
1,	0.015625,	64,	0.0167902,	0.0167902,	6,	26
1,	0.015625,	64,	0.00839508,	0.00839508,	7,	25
1,	0.015625,	64,	0.00419754,	0.00419754,	8,	200
1,	0.0078125,	128,	0.268642,	0.268642,	2,	156
1,	0.0078125,	128,	0.134321,	0.134321,	3,	100
1,	0.0078125,	128,	0.0671606,	0.0671606,	4,	26
1,	0.0078125,	128,	0.0335803,	0.0335803,	5,	25
1,	0.0078125,	128,	0.0167902,	0.0167902,	6,	24
1,	0.0078125,	128,	0.00839508,	0.00839508,	7,	24
1,	0.0078125,	128,	0.00419754,	0.00419754,	8,	200
