1,	0.5,	2,	0.268642,	0.268642,	2,	22,	9.20769e-11
1,	0.5,	2,	0.134321,	0.134321,	3,	24.5,	2.74469e-10
1,	0.5,	2,	0.0671606,	0.0671606,	4,	26.5,	4.58044e-10
1,	0.5,	2,	0.0335803,	0.0335803,	5,	27,	7.23084e-10
1,	0.5,	2,	0.0167902,	0.0167902,	6,	27,	7.01499e-10
1,	0.5,	2,	0.00839508,	0.00839508,	7,	26,	1.43385e-09
1,	0.5,	2,	0.00419754,	0.00419754,	8,	24.5,	1.25102e-09
1,	0.25,	4,	0.268642,	0.268642,	2,	22,	1.28625e-10
1,	0.25,	4,	0.134321,	0.134321,	3,	24.5,	2.74383e-10
1,	0.25,	4,	0.0671606,	0.0671606,	4,	26.25,	3.01568e-10
1,	0.25,	4,	0.0335803,	0.0335803,	5,	26.25,	5.39482e-10
1,	0.25,	4,	0.0167902,	0.0167902,	6,	26,	1.04568e-09
1,	0.25,	4,	0.00839508,	0.00839508,	7,	24.75,	1.35901e-09
1,	0.25,	4,	0.00419754,	0.00419754,	8,	22.75,	1.87519e-09
1,	0.125,	8,	0.268642,	0.268642,	2,	20,	2.54083e-10
1,	0.125,	8,	0.134321,	0.134321,	3,	23.375,	2.78778e-10
1,	0.125,	8,	0.0671606,	0.0671606,	4,	25.375,	3.94216e-10
1,	0.125,	8,	0.0335803,	0.0335803,	5,	25.625,	7.42146e-10
1,	0.125,	8,	0.0167902,	0.0167902,	6,	24.875,	1.10706e-09
1,	0.125,	8,	0.00839508,	0.00839508,	7,	23.25,	1.67291e-09
1,	0.125,	8,	0.00419754,	0.00419754,	8,	20.125,	2.36748e-09
1,	0.0625,	16,	0.268642,	0.268642,	2,	18.25,	3.44378e-10
1,	0.0625,	16,	0.134321,	0.134321,	3,	21.4375,	4.05673e-10
1,	0.0625,	16,	0.0671606,	0.0671606,	4,	22.75,	6.92357e-10
1,	0.0625,	16,	0.0335803,	0.0335803,	5,	23.125,	1.05348e-09
1,	0.0625,	16,	0.0167902,	0.0167902,	6,	22.0625,	1.65726e-09
1,	0.0625,	16,	0.00839508,	0.00839508,	7,	19.3125,	2.33525e-09
1,	0.0625,	16,	0.00419754,	0.00419754,	8,	16.1875,	3.2842e-09
1,	0.03125,	32,	0.268642,	0.268642,	2,	17.4688,	4.35321e-10
1,	0.03125,	32,	0.134321,	0.134321,	3,	18.75,	7.09453e-10
1,	0.03125,	32,	0.0671606,	0.0671606,	4,	19.5,	9.22423e-10
1,	0.03125,	32,	0.0335803,	0.0335803,	5,	20.1562,	1.41214e-09
1,	0.03125,	32,	0.0167902,	0.0167902,	6,	17.75,	2.22349e-09
1,	0.03125,	32,	0.00839508,	0.00839508,	7,	14.6562,	2.63183e-09
1,	0.03125,	32,	0.00419754,	0.00419754,	8,	12.875,	4.51502e-09
1,	0.015625,	64,	0.268642,	0.268642,	2,	15.5469,	6.60553e-10
1,	0.015625,	64,	0.134321,	0.134321,	3,	16.6719,	9.48243e-10
1,	0.015625,	64,	0.0671606,	0.0671606,	4,	17.375,	1.39922e-09
1,	0.015625,	64,	0.0335803,	0.0335803,	5,	15.7969,	2.23508e-09
1,	0.015625,	64,	0.0167902,	0.0167902,	6,	12.7188,	3.0115e-09
1,	0.015625,	64,	0.00839508,	0.00839508,	7,	11.0312,	3.83132e-09
1,	0.015625,	64,	0.00419754,	0.00419754,	8,	9.51562,	5.8719e-09
1,	0.0078125,	128,	0.268642,	0.268642,	2,	14,	9.64319e-10
1,	0.0078125,	128,	0.134321,	0.134321,	3,	14.3359,	1.0901e-09
1,	0.0078125,	128,	0.0671606,	0.0671606,	4,	13.1562,	2.23916e-09
1,	0.0078125,	128,	0.0335803,	0.0335803,	5,	10.6016,	3.06411e-09
1,	0.0078125,	128,	0.0167902,	0.0167902,	6,	8.82031,	4.28389e-09
1,	0.0078125,	128,	0.00839508,	0.00839508,	7,	7.80469,	6.19261e-09
1,	0.0078125,	128,	0.00419754,	0.00419754,	8,	6.32813,	8.56624e-09
