1,	0.5,	2,	0.268642,	0.268642,	2,	50
1,	0.5,	2,	0.134321,	0.134321,	3,	54
1,	0.5,	2,	0.0671606,	0.0671606,	4,	51
1,	0.5,	2,	0.0335803,	0.0335803,	5,	50
1,	0.5,	2,	0.0167902,	0.0167902,	6,	50
1,	0.5,	2,	0.00839508,	0.00839508,	7,	48
1,	0.5,	2,	0.00419754,	0.00419754,	8,	48
1,	0.25,	4,	0.268642,	0.268642,	2,	52
1,	0.25,	4,	0.134321,	0.134321,	3,	53
1,	0.25,	4,	0.0671606,	0.0671606,	4,	50
1,	0.25,	4,	0.0335803,	0.0335803,	5,	50
1,	0.25,	4,	0.0167902,	0.0167902,	6,	48
1,	0.25,	4,	0.00839508,	0.00839508,	7,	48
1,	0.25,	4,	0.00419754,	0.00419754,	8,	46
1,	0.125,	8,	0.268642,	0.268642,	2,	53
1,	0.125,	8,	0.134321,	0.134321,	3,	53
1,	0.125,	8,	0.0671606,	0.0671606,	4,	51
1,	0.125,	8,	0.0335803,	0.0335803,	5,	49
1,	0.125,	8,	0.0167902,	0.0167902,	6,	47
1,	0.125,	8,	0.00839508,	0.00839508,	7,	46
1,	0.125,	8,	0.00419754,	0.00419754,	8,	44
1,	0.0625,	16,	0.268642,	0.268642,	2,	53
1,	0.0625,	16,	0.134321,	0.134321,	3,	55
1,	0.0625,	16,	0.0671606,	0.0671606,	4,	53
1,	0.0625,	16,	0.0335803,	0.0335803,	5,	49
1,	0.0625,	16,	0.0167902,	0.0167902,	6,	49
1,	0.0625,	16,	0.00839508,	0.00839508,	7,	47
1,	0.0625,	16,	0.00419754,	0.00419754,	8,	44
1,	0.03125,	32,	0.268642,	0.268642,	2,	55
1,	0.03125,	32,	0.134321,	0.134321,	3,	57
1,	0.03125,	32,	0.0671606,	0.0671606,	4,	55
1,	0.03125,	32,	0.0335803,	0.0335803,	5,	51
1,	0.03125,	32,	0.0167902,	0.0167902,	6,	49
1,	0.03125,	32,	0.00839508,	0.00839508,	7,	47
1,	0.03125,	32,	0.00419754,	0.00419754,	8,	45
1,	0.015625,	64,	0.268642,	0.268642,	2,	59
1,	0.015625,	64,	0.134321,	0.134321,	3,	57
1,	0.015625,	64,	0.0671606,	0.0671606,	4,	55
1,	0.015625,	64,	0.0335803,	0.0335803,	5,	53
1,	0.015625,	64,	0.0167902,	0.0167902,	6,	51
1,	0.015625,	64,	0.00839508,	0.00839508,	7,	49
1,	0.015625,	64,	0.00419754,	0.00419754,	8,	45
1,	0.0078125,	128,	0.268642,	0.268642,	2,	65
1,	0.0078125,	128,	0.134321,	0.134321,	3,	57
1,	0.0078125,	128,	0.0671606,	0.0671606,	4,	53
1,	0.0078125,	128,	0.0335803,	0.0335803,	5,	53
1,	0.0078125,	128,	0.0167902,	0.0167902,	6,	51
1,	0.0078125,	128,	0.00839508,	0.00839508,	7,	49
1,	0.0078125,	128,	0.00419754,	0.00419754,	8,	45
1,	0.5,	2,	0.268642,	0.268642,	2,	56
1,	0.5,	2,	0.134321,	0.134321,	3,	62
1,	0.5,	2,	0.0671606,	0.0671606,	4,	62
1,	0.5,	2,	0.0335803,	0.0335803,	5,	60
1,	0.5,	2,	0.0167902,	0.0167902,	6,	62
1,	0.5,	2,	0.00839508,	0.00839508,	7,	60
1,	0.5,	2,	0.00419754,	0.00419754,	8,	58
1,	0.25,	4,	0.268642,	0.268642,	2,	58
1,	0.25,	4,	0.134321,	0.134321,	3,	62
1,	0.25,	4,	0.0671606,	0.0671606,	4,	60
1,	0.25,	4,	0.0335803,	0.0335803,	5,	58
1,	0.25,	4,	0.0167902,	0.0167902,	6,	58
1,	0.25,	4,	0.00839508,	0.00839508,	7,	56
1,	0.25,	4,	0.00419754,	0.00419754,	8,	54
1,	0.125,	8,	0.268642,	0.268642,	2,	59
1,	0.125,	8,	0.134321,	0.134321,	3,	61
1,	0.125,	8,	0.0671606,	0.0671606,	4,	57
1,	0.125,	8,	0.0335803,	0.0335803,	5,	55
1,	0.125,	8,	0.0167902,	0.0167902,	6,	54
1,	0.125,	8,	0.00839508,	0.00839508,	7,	52
1,	0.125,	8,	0.00419754,	0.00419754,	8,	50
1,	0.0625,	16,	0.268642,	0.268642,	2,	61
1,	0.0625,	16,	0.134321,	0.134321,	3,	61
1,	0.0625,	16,	0.0671606,	0.0671606,	4,	57
1,	0.0625,	16,	0.0335803,	0.0335803,	5,	55
1,	0.0625,	16,	0.0167902,	0.0167902,	6,	53
1,	0.0625,	16,	0.00839508,	0.00839508,	7,	49
1,	0.0625,	16,	0.00419754,	0.00419754,	8,	45
1,	0.03125,	32,	0.268642,	0.268642,	2,	65
1,	0.03125,	32,	0.134321,	0.134321,	3,	61
1,	0.03125,	32,	0.0671606,	0.0671606,	4,	55
1,	0.03125,	32,	0.0335803,	0.0335803,	5,	55
1,	0.03125,	32,	0.0167902,	0.0167902,	6,	51
1,	0.03125,	32,	0.00839508,	0.00839508,	7,	47
1,	0.03125,	32,	0.00419754,	0.00419754,	8,	41
1,	0.015625,	64,	0.268642,	0.268642,	2,	69
1,	0.015625,	64,	0.134321,	0.134321,	3,	61
1,	0.015625,	64,	0.0671606,	0.0671606,	4,	55
1,	0.015625,	64,	0.0335803,	0.0335803,	5,	53
1,	0.015625,	64,	0.0167902,	0.0167902,	6,	51
1,	0.015625,	64,	0.00839508,	0.00839508,	7,	45
1,	0.015625,	64,	0.00419754,	0.00419754,	8,	39
1,	0.0078125,	128,	0.268642,	0.268642,	2,	77
1,	0.0078125,	128,	0.134321,	0.134321,	3,	59
1,	0.0078125,	128,	0.0671606,	0.0671606,	4,	53
1,	0.0078125,	128,	0.0335803,	0.0335803,	5,	51
1,	0.0078125,	128,	0.0167902,	0.0167902,	6,	47
1,	0.0078125,	128,	0.00839508,	0.00839508,	7,	43
1,	0.0078125,	128,	0.00419754,	0.00419754,	8,	37
