1,	0.5,	2,	0.268642,	0.268642,	2,	19.5,	1.67217e-10
1,	0.5,	2,	0.134321,	0.134321,	3,	21.5,	2.98806e-10
1,	0.5,	2,	0.0671606,	0.0671606,	4,	21.5,	4.27682e-10
1,	0.5,	2,	0.0335803,	0.0335803,	5,	19.5,	6.76765e-10
1,	0.5,	2,	0.0167902,	0.0167902,	6,	18.5,	7.18317e-10
1,	0.5,	2,	0.00839508,	0.00839508,	7,	17.5,	1.50717e-09
1,	0.5,	2,	0.00419754,	0.00419754,	8,	17,	1.27099e-09
1,	0.25,	4,	0.268642,	0.268642,	2,	20,	1.60965e-10
1,	0.25,	4,	0.134321,	0.134321,	3,	21.25,	2.01939e-10
1,	0.25,	4,	0.0671606,	0.0671606,	4,	20.75,	4.90821e-10
1,	0.25,	4,	0.0335803,	0.0335803,	5,	18.75,	7.74891e-10
1,	0.25,	4,	0.0167902,	0.0167902,	6,	18,	1.08583e-09
1,	0.25,	4,	0.00839508,	0.00839508,	7,	17.5,	1.36482e-09
1,	0.25,	4,	0.00419754,	0.00419754,	8,	17,	1.82332e-09
1,	0.125,	8,	0.268642,	0.268642,	2,	19,	8.06231e-11
1,	0.125,	8,	0.134321,	0.134321,	3,	19.875,	4.41591e-10
1,	0.125,	8,	0.0671606,	0.0671606,	4,	17.875,	6.54586e-10
1,	0.125,	8,	0.0335803,	0.0335803,	5,	16.875,	8.98684e-10
1,	0.125,	8,	0.0167902,	0.0167902,	6,	16.875,	1.10312e-09
1,	0.125,	8,	0.00839508,	0.00839508,	7,	16.625,	1.27025e-09
1,	0.125,	8,	0.00419754,	0.00419754,	8,	15.625,	2.0783e-09
1,	0.0625,	16,	0.268642,	0.268642,	2,	17.9375,	4.48133e-10
1,	0.0625,	16,	0.134321,	0.134321,	3,	17.5,	6.07734e-10
1,	0.0625,	16,	0.0671606,	0.0671606,	4,	15.8125,	8.27904e-10
1,	0.0625,	16,	0.0335803,	0.0335803,	5,	16.25,	1.10781e-09
1,	0.0625,	16,	0.0167902,	0.0167902,	6,	16,	1.43873e-09
1,	0.0625,	16,	0.00839508,	0.00839508,	7,	15.5,	2.41487e-09
1,	0.0625,	16,	0.00419754,	0.00419754,	8,	14.3125,	3.47363e-09
1,	0.03125,	32,	0.268642,	0.268642,	2,	16.5625,	6.11313e-10
1,	0.03125,	32,	0.134321,	0.134321,	3,	14.8125,	6.30035e-10
1,	0.03125,	32,	0.0671606,	0.0671606,	4,	15.3438,	1.18417e-09
1,	0.03125,	32,	0.0335803,	0.0335803,	5,	15.5312,	1.42921e-09
1,	0.03125,	32,	0.0167902,	0.0167902,	6,	15.125,	2.04156e-09
1,	0.03125,	32,	0.00839508,	0.00839508,	7,	14.4688,	3.38943e-09
1,	0.03125,	32,	0.00419754,	0.00419754,	8,	12.5,	4.91817e-09
1,	0.015625,	64,	0.268642,	0.268642,	2,	13.1406,	9.97634e-10
1,	0.015625,	64,	0.134321,	0.134321,	3,	13.9375,	9.52822e-10
1,	0.015625,	64,	0.0671606,	0.0671606,	4,	14.3125,	1.03248e-09
1,	0.015625,	64,	0.0335803,	0.0335803,	5,	14.2812,	1.31161e-09
1,	0.015625,	64,	0.0167902,	0.0167902,	6,	14.0469,	2.83082e-09
1,	0.015625,	64,	0.00839508,	0.00839508,	7,	12.4844,	4.49691e-09
1,	0.015625,	64,	0.00419754,	0.00419754,	8,	10.4375,	6.90537e-09
1,	0.0078125,	128,	0.268642,	0.268642,	2,	11.0078,	7.08222e-10
1,	0.0078125,	128,	0.134321,	0.134321,	3,	13,	7.24e-10
1,	0.0078125,	128,	0.0671606,	0.0671606,	4,	13.2188,	1.07049e-09
1,	0.0078125,	128,	0.0335803,	0.0335803,	5,	13.2109,	1.46847e-09
1,	0.0078125,	128,	0.0167902,	0.0167902,	6,	12.2422,	5.28691e-09
1,	0.0078125,	128,	0.00839508,	0.00839508,	7,	10.2031,	6.34586e-09
1,	0.0078125,	128,	0.00419754,	0.00419754,	8,	8.76562,	7.68574e-09
1,	0.5,	2,	0.268642,	0.268642,	2,	19.5,	1.67217e-10
1,	0.5,	2,	0.134321,	0.134321,	3,	21.5,	2.98806e-10
1,	0.5,	2,	0.0671606,	0.0671606,	4,	21.5,	4.27682e-10
1,	0.5,	2,	0.0335803,	0.0335803,	5,	19.5,	6.76765e-10
1,	0.5,	2,	0.0167902,	0.0167902,	6,	18.5,	7.18317e-10
1,	0.5,	2,	0.00839508,	0.00839508,	7,	17.5,	1.50717e-09
1,	0.5,	2,	0.00419754,	0.00419754,	8,	17,	1.27099e-09
1,	0.25,	4,	0.268642,	0.268642,	2,	20,	1.60965e-10
1,	0.25,	4,	0.134321,	0.134321,	3,	21.25,	2.01939e-10
1,	0.25,	4,	0.0671606,	0.0671606,	4,	20.75,	4.90821e-10
1,	0.25,	4,	0.0335803,	0.0335803,	5,	18.75,	7.74891e-10
1,	0.25,	4,	0.0167902,	0.0167902,	6,	18,	1.08583e-09
1,	0.25,	4,	0.00839508,	0.00839508,	7,	17.5,	1.36482e-09
1,	0.25,	4,	0.00419754,	0.00419754,	8,	17,	1.82332e-09
1,	0.125,	8,	0.268642,	0.268642,	2,	19,	8.06231e-11
1,	0.125,	8,	0.134321,	0.134321,	3,	19.875,	4.41591e-10
1,	0.125,	8,	0.0671606,	0.0671606,	4,	17.875,	6.54586e-10
1,	0.125,	8,	0.0335803,	0.0335803,	5,	16.875,	8.98684e-10
1,	0.125,	8,	0.0167902,	0.0167902,	6,	16.875,	1.10312e-09
1,	0.125,	8,	0.00839508,	0.00839508,	7,	16.625,	1.27025e-09
1,	0.125,	8,	0.00419754,	0.00419754,	8,	15.625,	2.0783e-09
1,	0.0625,	16,	0.268642,	0.268642,	2,	17.9375,	4.48133e-10
1,	0.0625,	16,	0.134321,	0.134321,	3,	17.5,	6.07734e-10
1,	0.0625,	16,	0.0671606,	0.0671606,	4,	15.8125,	8.27904e-10
1,	0.0625,	16,	0.0335803,	0.0335803,	5,	16.25,	1.10781e-09
1,	0.0625,	16,	0.0167902,	0.0167902,	6,	16,	1.43873e-09
1,	0.0625,	16,	0.00839508,	0.00839508,	7,	15.5,	2.41487e-09
1,	0.0625,	16,	0.00419754,	0.00419754,	8,	14.3125,	3.47363e-09
1,	0.03125,	32,	0.268642,	0.268642,	2,	16.5625,	6.11313e-10
1,	0.03125,	32,	0.134321,	0.134321,	3,	14.8125,	6.30035e-10
1,	0.03125,	32,	0.0671606,	0.0671606,	4,	15.3438,	1.18417e-09
1,	0.03125,	32,	0.0335803,	0.0335803,	5,	15.5312,	1.42921e-09
1,	0.03125,	32,	0.0167902,	0.0167902,	6,	15.125,	2.04156e-09
1,	0.03125,	32,	0.00839508,	0.00839508,	7,	14.4688,	3.38943e-09
1,	0.5,	2,	0.268642,	0.268642,	2,	19.5,	1.67217e-10
1,	0.5,	2,	0.134321,	0.134321,	3,	21.5,	2.98806e-10
1,	0.5,	2,	0.0671606,	0.0671606,	4,	21.5,	4.27682e-10
1,	0.5,	2,	0.0335803,	0.0335803,	5,	19.5,	6.76765e-10
1,	0.5,	2,	0.0167902,	0.0167902,	6,	18.5,	7.18317e-10
