1,	0.111111,	9,	1.07457,	1.07457,	0,	200
1,	0.111111,	9,	0.268642,	0.268642,	2,	200
1,	0.111111,	9,	1.07457,	1.07457,	0,	200
1,	0.111111,	9,	1.07457,	1.07457,	0,	200
1,	0.333333,	3,	1.07457,	1.07457,	0,	200
1,	0.333333,	3,	1.07457,	1.07457,	0,	200
1,	0.333333,	3,	1.07457,	1.07457,	0,	200
1,	0.5,	2,	0.268642,	0.268642,	2,	23
1,	0.5,	2,	0.268642,	0.268642,	2,	23
1,	0.333333,	3,	0.268642,	0.268642,	2,	26
1,	0.25,	4,	0.268642,	0.268642,	2,	30
1,	0.25,	4,	0.268642,	0.268642,	2,	30
1,	0.0625,	16,	0.268642,	0.268642,	2,	62
1,	0.125,	8,	0.268642,	0.268642,	2,	43
1,	0.03125,	32,	0.268642,	0.268642,	2,	61
1,	0.015625,	64,	0.268642,	0.268642,	2,	200
1,	0.015625,	64,	0.268642,	0.268642,	2,	118
