1,	0.333333,	3,	2.14914,	2.14914,	0,	0
1,	0.333333,	3,	2.14914,	2.14914,	0,	0
1,	0.333333,	3,	1.07457,	1.07457,	0,	0
1,	0.333333,	3,	1.07457,	1.07457,	0,	0
1,	0.333333,	3,	1.07457,	1.07457,	0,	0
1,	0.333333,	3,	1.07457,	1.07457,	0,	200
1,	0.333333,	3,	1.07457,	1.07457,	0,	200
1,	0.333333,	3,	1.07457,	1.07457,	0,	200
1,	0.333333,	3,	1.07457,	1.07457,	0,	0
1,	0.333333,	3,	1.07457,	1.07457,	0,	0
1,	0.333333,	3,	1.07457,	1.07457,	0,	200
1,	0.333333,	3,	1.07457,	1.07457,	0,	200
1,	0.333333,	3,	1.07457,	1.07457,	0,	200
1,	0.333333,	3,	1.07457,	1.07457,	0,	200
1,	0.333333,	3,	1.07457,	1.07457,	0,	200
1,	0.333333,	3,	1.07457,	1.07457,	0,	200
