1,	0.5,	2,	0.268642,	0.268642,	2,	25
1,	0.5,	2,	0.134321,	0.134321,	3,	25
1,	0.5,	2,	0.0671606,	0.0671606,	4,	23
1,	0.5,	2,	0.0335803,	0.0335803,	5,	23
1,	0.5,	2,	0.0167902,	0.0167902,	6,	23
1,	0.5,	2,	0.00839508,	0.00839508,	7,	23
1,	0.5,	2,	0.00419754,	0.00419754,	8,	23
2,	0.5,	4,	0.268642,	0.268642,	2,	27
2,	0.5,	4,	0.134321,	0.134321,	3,	25
2,	0.5,	4,	0.0671606,	0.0671606,	4,	23
2,	0.5,	4,	0.0335803,	0.0335803,	5,	23
2,	0.5,	4,	0.0167902,	0.0167902,	6,	23
2,	0.5,	4,	0.00839508,	0.00839508,	7,	23
2,	0.5,	4,	0.00419754,	0.00419754,	8,	23
4,	0.5,	8,	0.268642,	0.268642,	2,	25
4,	0.5,	8,	0.134321,	0.134321,	3,	25
4,	0.5,	8,	0.0671606,	0.0671606,	4,	23
4,	0.5,	8,	0.0335803,	0.0335803,	5,	23
4,	0.5,	8,	0.0167902,	0.0167902,	6,	23
4,	0.5,	8,	0.00839508,	0.00839508,	7,	23
4,	0.5,	8,	0.00419754,	0.00419754,	8,	23
8,	0.5,	16,	0.268642,	0.268642,	2,	25
8,	0.5,	16,	0.134321,	0.134321,	3,	25
8,	0.5,	16,	0.0671606,	0.0671606,	4,	23
8,	0.5,	16,	0.0335803,	0.0335803,	5,	23
8,	0.5,	16,	0.0167902,	0.0167902,	6,	23
8,	0.5,	16,	0.00839508,	0.00839508,	7,	23
8,	0.5,	16,	0.00419754,	0.00419754,	8,	23
16,	0.5,	32,	0.268642,	0.268642,	2,	25
16,	0.5,	32,	0.134321,	0.134321,	3,	25
16,	0.5,	32,	0.0671606,	0.0671606,	4,	23
16,	0.5,	32,	0.0335803,	0.0335803,	5,	23
16,	0.5,	32,	0.0167902,	0.0167902,	6,	23
16,	0.5,	32,	0.00839508,	0.00839508,	7,	23
16,	0.5,	32,	0.00419754,	0.00419754,	8,	23
32,	0.5,	64,	0.268642,	0.268642,	2,	25
32,	0.5,	64,	0.134321,	0.134321,	3,	25
32,	0.5,	64,	0.0671606,	0.0671606,	4,	23
32,	0.5,	64,	0.0335803,	0.0335803,	5,	23
32,	0.5,	64,	0.0167902,	0.0167902,	6,	23
32,	0.5,	64,	0.00839508,	0.00839508,	7,	23
32,	0.5,	64,	0.00419754,	0.00419754,	8,	23
64,	0.5,	128,	0.268642,	0.268642,	2,	25
64,	0.5,	128,	0.134321,	0.134321,	3,	25
64,	0.5,	128,	0.0671606,	0.0671606,	4,	23
64,	0.5,	128,	0.0335803,	0.0335803,	5,	23
64,	0.5,	128,	0.0167902,	0.0167902,	6,	23
64,	0.5,	128,	0.00839508,	0.00839508,	7,	23
64,	0.5,	128,	0.00419754,	0.00419754,	8,	00
