1,	0.5,	2,	0.134321,	0.134321,	3,	56
1,	0.5,	2,	0.0671606,	0.0671606,	4,	40
1,	0.5,	2,	0.0335803,	0.0335803,	5,	38
1,	0.5,	2,	0.0167902,	0.0167902,	6,	36
1,	0.5,	2,	0.00839508,	0.00839508,	7,	35
1,	0.5,	2,	0.00419754,	0.00419754,	8,	36
1,	0.25,	4,	0.134321,	0.134321,	3,	72
1,	0.25,	4,	0.0671606,	0.0671606,	4,	48
1,	0.25,	4,	0.0335803,	0.0335803,	5,	43
1,	0.25,	4,	0.0167902,	0.0167902,	6,	41
1,	0.25,	4,	0.00839508,	0.00839508,	7,	42
1,	0.25,	4,	0.00419754,	0.00419754,	8,	47
1,	0.125,	8,	0.0671606,	0.0671606,	4,	52
1,	0.125,	8,	0.0335803,	0.0335803,	5,	46
1,	0.125,	8,	0.0167902,	0.0167902,	6,	46
1,	0.125,	8,	0.00839508,	0.00839508,	7,	49
1,	0.125,	8,	0.00419754,	0.00419754,	8,	55
1,	0.0625,	16,	0.0335803,	0.0335803,	5,	49
1,	0.0625,	16,	0.0167902,	0.0167902,	6,	50
1,	0.0625,	16,	0.00839508,	0.00839508,	7,	55
1,	0.0625,	16,	0.00419754,	0.00419754,	8,	62
1,	0.03125,	32,	0.0335803,	0.0335803,	5,	50
1,	0.03125,	32,	0.0167902,	0.0167902,	6,	53
1,	0.03125,	32,	0.00839508,	0.00839508,	7,	60
1,	0.03125,	32,	0.00419754,	0.00419754,	8,	69
1,	0.015625,	64,	0.0335803,	0.0335803,	5,	58
1,	0.015625,	64,	0.0167902,	0.0167902,	6,	57
1,	0.015625,	64,	0.00839508,	0.00839508,	7,	64
1,	0.015625,	64,	0.00419754,	0.00419754,	8,	76
1,	0.0078125,	128,	0.0335803,	0.0335803,	5,	52
1,	0.0078125,	128,	0.0167902,	0.0167902,	6,	61
1,	0.0078125,	128,	0.00839508,	0.00839508,	7,	71
1,	0.0078125,	128,	0.00419754,	0.00419754,	8,	86
