1,	0.5,	2,	0.268642,	0.268642,	2,	25
1,	0.5,	2,	0.134321,	0.134321,	3,	24
1,	0.5,	2,	0.0671606,	0.0671606,	4,	24
1,	0.5,	2,	0.0335803,	0.0335803,	5,	24
1,	0.5,	2,	0.0167902,	0.0167902,	6,	23
1,	0.5,	2,	0.00839508,	0.00839508,	7,	24
1,	0.5,	2,	0.00419754,	0.00419754,	8,	24
1,	0.25,	4,	0.268642,	0.268642,	2,	28
1,	0.25,	4,	0.134321,	0.134321,	3,	26
1,	0.25,	4,	0.0671606,	0.0671606,	4,	25
1,	0.25,	4,	0.0335803,	0.0335803,	5,	26
1,	0.25,	4,	0.0167902,	0.0167902,	6,	25
1,	0.25,	4,	0.00839508,	0.00839508,	7,	27
1,	0.25,	4,	0.00419754,	0.00419754,	8,	27
1,	0.125,	8,	0.268642,	0.268642,	2,	30
1,	0.125,	8,	0.134321,	0.134321,	3,	27
1,	0.125,	8,	0.0671606,	0.0671606,	4,	26
1,	0.125,	8,	0.0335803,	0.0335803,	5,	27
1,	0.125,	8,	0.0167902,	0.0167902,	6,	27
1,	0.125,	8,	0.00839508,	0.00839508,	7,	29
1,	0.125,	8,	0.00419754,	0.00419754,	8,	30
1,	0.0625,	16,	0.268642,	0.268642,	2,	31
1,	0.0625,	16,	0.134321,	0.134321,	3,	32
1,	0.0625,	16,	0.0671606,	0.0671606,	4,	29
1,	0.0625,	16,	0.0335803,	0.0335803,	5,	28
1,	0.0625,	16,	0.0167902,	0.0167902,	6,	29
1,	0.0625,	16,	0.00839508,	0.00839508,	7,	32
1,	0.0625,	16,	0.00419754,	0.00419754,	8,	33
1,	0.03125,	32,	0.268642,	0.268642,	2,	32
1,	0.03125,	32,	0.134321,	0.134321,	3,	32
1,	0.03125,	32,	0.0671606,	0.0671606,	4,	29
1,	0.03125,	32,	0.0335803,	0.0335803,	5,	30
1,	0.03125,	32,	0.0167902,	0.0167902,	6,	31
1,	0.03125,	32,	0.00839508,	0.00839508,	7,	35
1,	0.03125,	32,	0.00419754,	0.00419754,	8,	36
1,	0.015625,	64,	0.268642,	0.268642,	2,	31
1,	0.015625,	64,	0.134321,	0.134321,	3,	30
1,	0.015625,	64,	0.0671606,	0.0671606,	4,	38
1,	0.015625,	64,	0.0335803,	0.0335803,	5,	40
1,	0.015625,	64,	0.0167902,	0.0167902,	6,	33
1,	0.015625,	64,	0.00839508,	0.00839508,	7,	38
1,	0.015625,	64,	0.00419754,	0.00419754,	8,	39
1,	0.0078125,	128,	0.268642,	0.268642,	2,	32
1,	0.0078125,	128,	0.134321,	0.134321,	3,	31
1,	0.0078125,	128,	0.0671606,	0.0671606,	4,	38
1,	0.0078125,	128,	0.0335803,	0.0335803,	5,	32
1,	0.0078125,	128,	0.0167902,	0.0167902,	6,	36
1,	0.0078125,	128,	0.00839508,	0.00839508,	7,	42
1,	0.0078125,	128,	0.00419754,	0.00419754,	8,	44
