1,	0.5,	2,	0.537285,	0.537285,	1,	154
1,	0.5,	2,	1.07457,	1.07457,	0,	41
1,	0.5,	2,	0.537285,	0.537285,	1,	154
16,	0.5,	32,	0.0335803,	0.0335803,	5,	200
16,	0.5,	32,	0.0335803,	0.0335803,	5,	200
1,	1,	1,	0.0671606,	0.0671606,	4,	200
1,	0.5,	2,	0.537285,	0.537285,	1,	156
1,	0.5,	2,	1.07457,	1.07457,	0,	38
1,	0.5,	2,	1.07457,	1.07457,	0,	38
1,	0.5,	2,	1.07457,	1.07457,	0,	6
1,	0.5,	2,	1.07457,	1.07457,	0,	6
1,	0.5,	2,	1.07457,	1.07457,	0,	6
1,	0.5,	2,	1.07457,	1.07457,	0,	6
1,	0.5,	2,	1.07457,	1.07457,	0,	6
1,	0.5,	2,	1.07457,	1.07457,	0,	6
1,	0.5,	2,	1.07457,	1.07457,	0,	6
1,	0.333333,	3,	1.07457,	1.07457,	0,	11
1,	0.333333,	3,	1.07457,	1.07457,	0,	11
1,	0.333333,	3,	1.07457,	1.07457,	0,	11
1,	0.333333,	3,	1.07457,	1.07457,	0,	11
1,	0.333333,	3,	1.07457,	1.07457,	0,	11
1,	0.333333,	3,	1.07457,	1.07457,	0,	11
1,	0.333333,	3,	1.07457,	1.07457,	0,	11
1,	0.333333,	3,	1.07457,	1.07457,	0,	11
1,	0.333333,	3,	1.07457,	1.07457,	0,	11
1,	0.333333,	3,	1.07457,	1.07457,	0,	11
1,	0.333333,	3,	1.07457,	1.07457,	0,	11
1,	0.333333,	3,	1.07457,	1.07457,	0,	11
1,	0.333333,	3,	1.07457,	1.07457,	0,	11
1,	0.333333,	3,	1.07457,	1.07457,	0,	11
1,	0.333333,	3,	1.07457,	1.07457,	0,	11
1,	0.333333,	3,	1.07457,	1.07457,	0,	11
1,	0.333333,	3,	1.07457,	1.07457,	0,	11
1,	0.125,	8,	1.07457,	1.07457,	0,	36
1,	0.333333,	3,	1.07457,	1.07457,	0,	11
1,	0.333333,	3,	1.07457,	1.07457,	0,	10
1,	0.333333,	3,	1.07457,	1.07457,	0,	10
1,	0.333333,	3,	1.07457,	1.07457,	0,	10
1,	0.333333,	3,	1.07457,	1.07457,	0,	10
1,	0.333333,	3,	1.07457,	1.07457,	0,	10
1,	0.333333,	3,	1.07457,	1.07457,	0,	10
1,	0.333333,	3,	1.07457,	1.07457,	0,	10
1,	0.333333,	3,	1.07457,	1.07457,	0,	10
1,	0.333333,	3,	1.07457,	1.07457,	0,	10
1,	0.333333,	3,	1.07457,	1.07457,	0,	10
1,	0.333333,	3,	1.07457,	1.07457,	0,	10
1,	0.333333,	3,	1.07457,	1.07457,	0,	10
1,	0.333333,	3,	1.07457,	1.07457,	0,	10
1,	0.333333,	3,	1.07457,	1.07457,	0,	10
1,	0.333333,	3,	1.07457,	1.07457,	0,	10
1,	0.333333,	3,	1.07457,	1.07457,	0,	0
1,	0.333333,	3,	1.07457,	1.07457,	0,	0
1,	0.333333,	3,	1.07457,	1.07457,	0,	0
1,	0.333333,	3,	1.07457,	1.07457,	0,	0
1,	0.333333,	3,	1.07457,	1.07457,	0,	0
1,	0.333333,	3,	1.07457,	1.07457,	0,	5
1,	0.333333,	3,	1.07457,	1.07457,	0,	5
1,	0.333333,	3,	1.07457,	1.07457,	0,	5
1,	0.333333,	3,	1.07457,	1.07457,	0,	5
1,	0.333333,	3,	1.07457,	1.07457,	0,	5
1,	0.333333,	3,	1.07457,	1.07457,	0,	5
1,	0.333333,	3,	1.07457,	1.07457,	0,	5
1,	0.333333,	3,	1.07457,	1.07457,	0,	5
1,	0.333333,	3,	1.07457,	1.07457,	0,	5
1,	0.333333,	3,	1.07457,	1.07457,	0,	5
1,	0.333333,	3,	1.07457,	1.07457,	0,	5
1,	0.333333,	3,	1.07457,	1.07457,	0,	5
1,	0.333333,	3,	1.07457,	1.07457,	0,	5
1,	0.333333,	3,	1.07457,	1.07457,	0,	5
1,	0.333333,	3,	1.07457,	1.07457,	0,	5
1,	0.333333,	3,	1.07457,	1.07457,	0,	5
1,	0.333333,	3,	1.07457,	1.07457,	0,	5
1,	0.333333,	3,	1.07457,	1.07457,	0,	5
1,	0.333333,	3,	1.07457,	1.07457,	0,	5
1,	0.333333,	3,	1.07457,	1.07457,	0,	5
1,	0.333333,	3,	1.07457,	1.07457,	0,	5
1,	0.333333,	3,	1.07457,	1.07457,	0,	5
1,	0.333333,	3,	1.07457,	1.07457,	0,	5
1,	0.333333,	3,	1.07457,	1.07457,	0,	5
1,	0.333333,	3,	1.07457,	1.07457,	0,	5
1,	0.333333,	3,	1.07457,	1.07457,	0,	5
1,	0.333333,	3,	1.07457,	1.07457,	0,	5
1,	0.333333,	3,	1.07457,	1.07457,	0,	5
1,	0.333333,	3,	1.07457,	1.07457,	0,	5
1,	0.333333,	3,	1.07457,	1.07457,	0,	5
1,	0.333333,	3,	1.07457,	1.07457,	0,	5
1,	0.333333,	3,	1.07457,	1.07457,	0,	5
1,	0.333333,	3,	1.07457,	1.07457,	0,	5
1,	0.333333,	3,	1.07457,	1.07457,	0,	5
1,	0.333333,	3,	1.07457,	1.07457,	0,	5
1,	0.333333,	3,	1.07457,	1.07457,	0,	5
1,	0.333333,	3,	1.07457,	1.07457,	0,	5
1,	0.333333,	3,	1.07457,	1.07457,	0,	5
1,	0.333333,	3,	1.07457,	1.07457,	0,	5
1,	0.333333,	3,	1.07457,	1.07457,	0,	5
1,	0.333333,	3,	1.07457,	1.07457,	0,	5
1,	0.333333,	3,	1.07457,	1.07457,	0,	5
1,	0.333333,	3,	1.07457,	1.07457,	0,	5
1,	0.333333,	3,	1.07457,	1.07457,	0,	5
1,	0.333333,	3,	1.07457,	1.07457,	0,	5
1,	0.333333,	3,	1.07457,	1.07457,	0,	5
1,	0.333333,	3,	1.07457,	1.07457,	0,	5
1,	0.333333,	3,	1.07457,	1.07457,	0,	5
1,	0.333333,	3,	1.07457,	1.07457,	0,	5
1,	0.333333,	3,	1.07457,	1.07457,	0,	5
1,	0.333333,	3,	1.07457,	1.07457,	0,	5
1,	0.333333,	3,	1.07457,	1.07457,	0,	5
1,	0.333333,	3,	1.07457,	1.07457,	0,	5
1,	0.0625,	16,	0.0335803,	0.0335803,	5,	50
1,	0.333333,	3,	1.07457,	1.07457,	0,	50
1,	0.333333,	3,	1.07457,	1.07457,	0,	100
1,	0.333333,	3,	1.07457,	1.07457,	0,	500
1,	0.333333,	3,	1.07457,	1.07457,	0,	14
1,	0.333333,	3,	0.0335803,	0.0335803,	5,	50
1,	0.333333,	3,	0.268642,	0.268642,	2,	48
1,	0.333333,	3,	0.134321,	0.134321,	3,	50
1,	0.333333,	3,	0.134321,	0.134321,	3,	50
1,	0.333333,	3,	0.134321,	0.134321,	3,	31
1,	0.333333,	3,	1.07457,	1.07457,	0,	14
1,	0.333333,	3,	1.07457,	1.07457,	0,	14
1,	0.333333,	3,	1.07457,	1.07457,	0,	14
1,	0.333333,	3,	1.07457,	1.07457,	0,	45
1,	0.0625,	16,	0.0335803,	0.0335803,	5,	50
1,	0.0625,	16,	0.0335803,	0.0335803,	5,	200
1,	0.333333,	3,	0.0335803,	0.0335803,	5,	88
1,	0.333333,	3,	0.0335803,	0.0335803,	5,	30
1,	0.03125,	32,	0.0335803,	0.0335803,	5,	137
1,	0.333333,	3,	1.07457,	1.07457,	0,	14
1,	0.333333,	3,	1.07457,	1.07457,	0,	14
1,	0.333333,	3,	1.07457,	1.07457,	0,	200
1,	0.333333,	3,	1.07457,	1.07457,	0,	14
1,	0.333333,	3,	1.07457,	1.07457,	0,	14
1,	0.333333,	3,	0.0335803,	0.0335803,	5,	200
1,	0.333333,	3,	0.0335803,	0.0335803,	5,	30
