1,	0.5,	2,	0.268642,	0.268642,	2,	22,	9.20769e-11
1,	0.5,	2,	0.134321,	0.134321,	3,	25,	8.57057e-11
1,	0.5,	2,	0.0671606,	0.0671606,	4,	27,	2.12146e-10
1,	0.5,	2,	0.0335803,	0.0335803,	5,	27.5,	4.24115e-10
1,	0.5,	2,	0.0167902,	0.0167902,	6,	27.5,	5.39748e-10
1,	0.5,	2,	0.00839508,	0.00839508,	7,	26.5,	8.41044e-10
1,	0.5,	2,	0.00419754,	0.00419754,	8,	24.5,	1.25102e-09
1,	0.25,	4,	0.268642,	0.268642,	2,	22.5,	9.19029e-11
1,	0.25,	4,	0.134321,	0.134321,	3,	25,	8.37622e-11
1,	0.25,	4,	0.0671606,	0.0671606,	4,	27,	2.01544e-10
1,	0.25,	4,	0.0335803,	0.0335803,	5,	27,	3.4663e-10
1,	0.25,	4,	0.0167902,	0.0167902,	6,	27.25,	5.2263e-10
1,	0.25,	4,	0.00839508,	0.00839508,	7,	26.25,	6.40718e-10
1,	0.25,	4,	0.00419754,	0.00419754,	8,	24.25,	1.02227e-09
1,	0.125,	8,	0.268642,	0.268642,	2,	21,	7.84941e-11
1,	0.125,	8,	0.134321,	0.134321,	3,	24.375,	1.16191e-10
1,	0.125,	8,	0.0671606,	0.0671606,	4,	26.25,	1.37416e-10
1,	0.125,	8,	0.0335803,	0.0335803,	5,	26.75,	2.57459e-10
1,	0.125,	8,	0.0167902,	0.0167902,	6,	26.5,	3.90238e-10
1,	0.125,	8,	0.00839508,	0.00839508,	7,	25,	5.94133e-10
1,	0.125,	8,	0.00419754,	0.00419754,	8,	22.75,	8.74775e-10
1,	0.0625,	16,	0.268642,	0.268642,	2,	19.625,	9.24368e-11
1,	0.0625,	16,	0.134321,	0.134321,	3,	22.375,	1.0067e-10
1,	0.0625,	16,	0.0671606,	0.0671606,	4,	25.3125,	1.72121e-10
1,	0.0625,	16,	0.0335803,	0.0335803,	5,	25.75,	2.32334e-10
1,	0.0625,	16,	0.0167902,	0.0167902,	6,	24.9375,	3.48904e-10
1,	0.0625,	16,	0.00839508,	0.00839508,	7,	23,	5.85752e-10
1,	0.0625,	16,	0.00419754,	0.00419754,	8,	19.6875,	7.89064e-10
1,	0.03125,	32,	0.268642,	0.268642,	2,	18.8438,	7.91837e-11
1,	0.03125,	32,	0.134321,	0.134321,	3,	20.875,	1.04531e-10
1,	0.03125,	32,	0.0671606,	0.0671606,	4,	22.7812,	1.68048e-10
1,	0.03125,	32,	0.0335803,	0.0335803,	5,	23.0312,	2.6274e-10
1,	0.03125,	32,	0.0167902,	0.0167902,	6,	22.2188,	3.77714e-10
1,	0.03125,	32,	0.00839508,	0.00839508,	7,	19.125,	5.58184e-10
1,	0.03125,	32,	0.00419754,	0.00419754,	8,	16.4375,	7.61347e-10
1,	0.015625,	64,	0.268642,	0.268642,	2,	17,	9.98534e-11
1,	0.015625,	64,	0.134321,	0.134321,	3,	18.7812,	1.22245e-10
1,	0.015625,	64,	0.0671606,	0.0671606,	4,	20.1562,	1.60752e-10
1,	0.015625,	64,	0.0335803,	0.0335803,	5,	20.4844,	2.23324e-10
1,	0.015625,	64,	0.0167902,	0.0167902,	6,	18.2812,	3.92049e-10
1,	0.015625,	64,	0.00839508,	0.00839508,	7,	15.3125,	4.67353e-10
1,	0.015625,	64,	0.00419754,	0.00419754,	8,	13.3438,	7.65319e-10
1,	0.0078125,	128,	0.268642,	0.268642,	2,	15.6562,	8.53677e-11
1,	0.0078125,	128,	0.134321,	0.134321,	3,	16.8359,	1.04489e-10
1,	0.0078125,	128,	0.0671606,	0.0671606,	4,	17.8594,	1.70556e-10
1,	0.0078125,	128,	0.0335803,	0.0335803,	5,	17.0781,	2.73464e-10
1,	0.0078125,	128,	0.0167902,	0.0167902,	6,	14.1719,	3.91414e-10
1,	0.0078125,	128,	0.00839508,	0.00839508,	7,	11.8125,	5.14928e-10
1,	0.0078125,	128,	0.00419754,	0.00419754,	8,	10.2344,	7.45483e-10
