1,	0.5,	2,	0.268642,	0.268642,	2,	37
1,	0.5,	2,	0.268642,	0.268642,	2,	30
1,	0.5,	2,	0.268642,	0.268642,	2,	21
1,	0.5,	2,	0.268642,	0.268642,	2,	11
1,	0.5,	2,	0.268642,	0.268642,	2,	4
1,	0.5,	2,	0.134321,	0.134321,	3,	45
1,	0.5,	2,	0.134321,	0.134321,	3,	36
1,	0.5,	2,	0.134321,	0.134321,	3,	25
1,	0.5,	2,	0.134321,	0.134321,	3,	12
1,	0.5,	2,	0.134321,	0.134321,	3,	3
1,	0.5,	2,	0.0671606,	0.0671606,	4,	53
1,	0.5,	2,	0.0671606,	0.0671606,	4,	40
1,	0.5,	2,	0.0671606,	0.0671606,	4,	28
1,	0.5,	2,	0.0671606,	0.0671606,	4,	12
1,	0.5,	2,	0.0671606,	0.0671606,	4,	2
1,	0.5,	2,	0.0335803,	0.0335803,	5,	61
1,	0.5,	2,	0.0335803,	0.0335803,	5,	51
1,	0.5,	2,	0.0335803,	0.0335803,	5,	37
1,	0.5,	2,	0.0335803,	0.0335803,	5,	13
1,	0.5,	2,	0.0335803,	0.0335803,	5,	2
1,	0.5,	2,	0.0167902,	0.0167902,	6,	78
1,	0.5,	2,	0.0167902,	0.0167902,	6,	64
1,	0.5,	2,	0.0167902,	0.0167902,	6,	44
1,	0.5,	2,	0.0167902,	0.0167902,	6,	8
1,	0.5,	2,	0.00839508,	0.00839508,	7,	100
1,	0.5,	2,	0.00839508,	0.00839508,	7,	85
1,	0.5,	2,	0.00839508,	0.00839508,	7,	52
1,	0.5,	2,	0.00839508,	0.00839508,	7,	8
1,	0.5,	2,	0.00419754,	0.00419754,	8,	194
1,	0.5,	2,	0.00419754,	0.00419754,	8,	123
1,	0.5,	2,	0.00419754,	0.00419754,	8,	55
1,	0.5,	2,	0.00419754,	0.00419754,	8,	7
1,	0.25,	4,	0.268642,	0.268642,	2,	40
1,	0.25,	4,	0.268642,	0.268642,	2,	28
1,	0.25,	4,	0.268642,	0.268642,	2,	17
1,	0.25,	4,	0.268642,	0.268642,	2,	8
1,	0.25,	4,	0.268642,	0.268642,	2,	3
1,	0.25,	4,	0.134321,	0.134321,	3,	47
1,	0.25,	4,	0.134321,	0.134321,	3,	34
1,	0.25,	4,	0.134321,	0.134321,	3,	20
1,	0.25,	4,	0.134321,	0.134321,	3,	7
1,	0.25,	4,	0.134321,	0.134321,	3,	2
1,	0.25,	4,	0.0671606,	0.0671606,	4,	61
1,	0.25,	4,	0.0671606,	0.0671606,	4,	40
1,	0.25,	4,	0.0671606,	0.0671606,	4,	23
1,	0.25,	4,	0.0671606,	0.0671606,	4,	6
1,	0.25,	4,	0.0671606,	0.0671606,	4,	2
1,	0.25,	4,	0.0335803,	0.0335803,	5,	79
1,	0.25,	4,	0.0335803,	0.0335803,	5,	51
1,	0.25,	4,	0.0335803,	0.0335803,	5,	25
1,	0.25,	4,	0.0335803,	0.0335803,	5,	5
1,	0.25,	4,	0.0335803,	0.0335803,	5,	1
1,	0.25,	4,	0.0167902,	0.0167902,	6,	124
1,	0.25,	4,	0.0167902,	0.0167902,	6,	62
1,	0.25,	4,	0.0167902,	0.0167902,	6,	31
1,	0.25,	4,	0.0167902,	0.0167902,	6,	3
1,	0.25,	4,	0.00839508,	0.00839508,	7,	178
1,	0.25,	4,	0.00839508,	0.00839508,	7,	80
1,	0.25,	4,	0.00839508,	0.00839508,	7,	36
1,	0.25,	4,	0.00839508,	0.00839508,	7,	3
1,	0.25,	4,	0.00419754,	0.00419754,	8,	200
1,	0.125,	8,	0.268642,	0.268642,	2,	41
1,	0.125,	8,	0.268642,	0.268642,	2,	26
1,	0.125,	8,	0.268642,	0.268642,	2,	17
1,	0.125,	8,	0.268642,	0.268642,	2,	8
1,	0.125,	8,	0.268642,	0.268642,	2,	2
1,	0.125,	8,	0.134321,	0.134321,	3,	47
1,	0.125,	8,	0.134321,	0.134321,	3,	28
1,	0.125,	8,	0.134321,	0.134321,	3,	17
1,	0.125,	8,	0.134321,	0.134321,	3,	6
1,	0.125,	8,	0.134321,	0.134321,	3,	2
1,	0.125,	8,	0.0671606,	0.0671606,	4,	65
1,	0.125,	8,	0.0671606,	0.0671606,	4,	35
1,	0.125,	8,	0.0671606,	0.0671606,	4,	19
1,	0.125,	8,	0.0671606,	0.0671606,	4,	4
1,	0.125,	8,	0.0671606,	0.0671606,	4,	2
1,	0.125,	8,	0.0335803,	0.0335803,	5,	90
1,	0.125,	8,	0.0335803,	0.0335803,	5,	42
1,	0.125,	8,	0.0335803,	0.0335803,	5,	23
1,	0.125,	8,	0.0335803,	0.0335803,	5,	3
1,	0.125,	8,	0.0335803,	0.0335803,	5,	2
1,	0.125,	8,	0.0167902,	0.0167902,	6,	138
1,	0.125,	8,	0.0167902,	0.0167902,	6,	53
1,	0.125,	8,	0.0167902,	0.0167902,	6,	25
1,	0.125,	8,	0.0167902,	0.0167902,	6,	3
1,	0.125,	8,	0.00839508,	0.00839508,	7,	200
1,	0.125,	8,	0.00839508,	0.00839508,	7,	67
1,	0.125,	8,	0.00839508,	0.00839508,	7,	26
1,	0.125,	8,	0.00839508,	0.00839508,	7,	3
1,	0.125,	8,	0.00419754,	0.00419754,	8,	200
1,	0.125,	8,	0.00419754,	0.00419754,	8,	153
1,	0.125,	8,	0.00419754,	0.00419754,	8,	17
1,	0.125,	8,	0.00419754,	0.00419754,	8,	2
1,	0.0625,	16,	0.268642,	0.268642,	2,	40
1,	0.0625,	16,	0.268642,	0.268642,	2,	26
1,	0.0625,	16,	0.268642,	0.268642,	2,	17
1,	0.0625,	16,	0.268642,	0.268642,	2,	7
1,	0.0625,	16,	0.268642,	0.268642,	2,	2
1,	0.0625,	16,	0.134321,	0.134321,	3,	48
1,	0.0625,	16,	0.134321,	0.134321,	3,	27
1,	0.0625,	16,	0.134321,	0.134321,	3,	15
1,	0.0625,	16,	0.134321,	0.134321,	3,	5
1,	0.0625,	16,	0.134321,	0.134321,	3,	1
1,	0.0625,	16,	0.0671606,	0.0671606,	4,	65
1,	0.0625,	16,	0.0671606,	0.0671606,	4,	31
1,	0.0625,	16,	0.0671606,	0.0671606,	4,	13
1,	0.0625,	16,	0.0671606,	0.0671606,	4,	4
1,	0.0625,	16,	0.0671606,	0.0671606,	4,	1
1,	0.0625,	16,	0.0335803,	0.0335803,	5,	92
1,	0.0625,	16,	0.0335803,	0.0335803,	5,	37
1,	0.0625,	16,	0.0335803,	0.0335803,	5,	14
1,	0.0625,	16,	0.0335803,	0.0335803,	5,	3
1,	0.0625,	16,	0.0335803,	0.0335803,	5,	0
1,	0.0625,	16,	0.0167902,	0.0167902,	6,	150
1,	0.0625,	16,	0.0167902,	0.0167902,	6,	43
1,	0.0625,	16,	0.0167902,	0.0167902,	6,	14
1,	0.0625,	16,	0.0167902,	0.0167902,	6,	2
1,	0.0625,	16,	0.0167902,	0.0167902,	6,	0
1,	0.0625,	16,	0.00839508,	0.00839508,	7,	200
1,	0.0625,	16,	0.00839508,	0.00839508,	7,	51
1,	0.0625,	16,	0.00839508,	0.00839508,	7,	15
1,	0.0625,	16,	0.00839508,	0.00839508,	7,	2
1,	0.0625,	16,	0.00419754,	0.00419754,	8,	200
1,	0.0625,	16,	0.00419754,	0.00419754,	8,	162
1,	0.0625,	16,	0.00419754,	0.00419754,	8,	17
1,	0.0625,	16,	0.00419754,	0.00419754,	8,	1
1,	0.0625,	16,	0.00419754,	0.00419754,	8,	0
1,	0.03125,	32,	0.268642,	0.268642,	2,	42
1,	0.03125,	32,	0.268642,	0.268642,	2,	26
1,	0.03125,	32,	0.268642,	0.268642,	2,	17
1,	0.03125,	32,	0.268642,	0.268642,	2,	6
1,	0.03125,	32,	0.268642,	0.268642,	2,	1
1,	0.03125,	32,	0.134321,	0.134321,	3,	45
1,	0.03125,	32,	0.134321,	0.134321,	3,	27
1,	0.03125,	32,	0.134321,	0.134321,	3,	13
1,	0.03125,	32,	0.134321,	0.134321,	3,	4
1,	0.03125,	32,	0.134321,	0.134321,	3,	1
1,	0.03125,	32,	0.0671606,	0.0671606,	4,	63
1,	0.03125,	32,	0.0671606,	0.0671606,	4,	27
1,	0.03125,	32,	0.0671606,	0.0671606,	4,	12
1,	0.03125,	32,	0.0671606,	0.0671606,	4,	3
1,	0.03125,	32,	0.0671606,	0.0671606,	4,	1
1,	0.03125,	32,	0.0335803,	0.0335803,	5,	94
1,	0.03125,	32,	0.0335803,	0.0335803,	5,	32
1,	0.03125,	32,	0.0335803,	0.0335803,	5,	13
1,	0.03125,	32,	0.0335803,	0.0335803,	5,	2
1,	0.03125,	32,	0.0335803,	0.0335803,	5,	0
1,	0.03125,	32,	0.0167902,	0.0167902,	6,	156
1,	0.03125,	32,	0.0167902,	0.0167902,	6,	38
1,	0.03125,	32,	0.0167902,	0.0167902,	6,	13
1,	0.03125,	32,	0.0167902,	0.0167902,	6,	2
1,	0.03125,	32,	0.0167902,	0.0167902,	6,	0
1,	0.03125,	32,	0.00839508,	0.00839508,	7,	200
1,	0.03125,	32,	0.00839508,	0.00839508,	7,	49
1,	0.03125,	32,	0.00839508,	0.00839508,	7,	14
1,	0.03125,	32,	0.00839508,	0.00839508,	7,	2
1,	0.03125,	32,	0.00839508,	0.00839508,	7,	0
1,	0.03125,	32,	0.00419754,	0.00419754,	8,	200
1,	0.03125,	32,	0.00419754,	0.00419754,	8,	167
1,	0.03125,	32,	0.00419754,	0.00419754,	8,	15
1,	0.03125,	32,	0.00419754,	0.00419754,	8,	2
1,	0.03125,	32,	0.00419754,	0.00419754,	8,	0
1,	0.015625,	64,	0.268642,	0.268642,	2,	45
1,	0.015625,	64,	0.268642,	0.268642,	2,	28
1,	0.015625,	64,	0.268642,	0.268642,	2,	16
1,	0.015625,	64,	0.268642,	0.268642,	2,	4
1,	0.015625,	64,	0.268642,	0.268642,	2,	1
1,	0.015625,	64,	0.134321,	0.134321,	3,	44
1,	0.015625,	64,	0.134321,	0.134321,	3,	27
1,	0.015625,	64,	0.134321,	0.134321,	3,	12
1,	0.015625,	64,	0.134321,	0.134321,	3,	3
1,	0.015625,	64,	0.134321,	0.134321,	3,	1
1,	0.015625,	64,	0.0671606,	0.0671606,	4,	59
1,	0.015625,	64,	0.0671606,	0.0671606,	4,	26
1,	0.015625,	64,	0.0671606,	0.0671606,	4,	10
1,	0.015625,	64,	0.0671606,	0.0671606,	4,	3
1,	0.015625,	64,	0.0671606,	0.0671606,	4,	0
1,	0.015625,	64,	0.0335803,	0.0335803,	5,	93
1,	0.015625,	64,	0.0335803,	0.0335803,	5,	29
1,	0.015625,	64,	0.0335803,	0.0335803,	5,	11
1,	0.015625,	64,	0.0335803,	0.0335803,	5,	2
1,	0.015625,	64,	0.0335803,	0.0335803,	5,	0
1,	0.015625,	64,	0.0167902,	0.0167902,	6,	152
1,	0.015625,	64,	0.0167902,	0.0167902,	6,	33
1,	0.015625,	64,	0.0167902,	0.0167902,	6,	12
1,	0.015625,	64,	0.0167902,	0.0167902,	6,	2
1,	0.015625,	64,	0.0167902,	0.0167902,	6,	0
1,	0.015625,	64,	0.00839508,	0.00839508,	7,	200
1,	0.015625,	64,	0.00839508,	0.00839508,	7,	60
1,	0.015625,	64,	0.00839508,	0.00839508,	7,	11
1,	0.25,	4,	0.00419754,	0.00419754,	8,	200
1,	0.25,	4,	0.00419754,	0.00419754,	8,	121
1,	0.015625,	64,	0.00839508,	0.00839508,	7,	2
1,	0.015625,	64,	0.00839508,	0.00839508,	7,	0
1,	0.25,	4,	0.00419754,	0.00419754,	8,	43
1,	0.25,	4,	0.00419754,	0.00419754,	8,	2
1,	0.0078125,	128,	0.268642,	0.268642,	2,	52
1,	0.0078125,	128,	0.268642,	0.268642,	2,	32
1,	0.0078125,	128,	0.268642,	0.268642,	2,	16
1,	0.0078125,	128,	0.268642,	0.268642,	2,	5
1,	0.0078125,	128,	0.268642,	0.268642,	2,	1
1,	0.0078125,	128,	0.134321,	0.134321,	3,	44
1,	0.0078125,	128,	0.134321,	0.134321,	3,	28
1,	0.0078125,	128,	0.134321,	0.134321,	3,	10
1,	0.0078125,	128,	0.134321,	0.134321,	3,	3
1,	0.0078125,	128,	0.134321,	0.134321,	3,	0
1,	0.0078125,	128,	0.0671606,	0.0671606,	4,	52
1,	0.0078125,	128,	0.0671606,	0.0671606,	4,	23
1,	0.0078125,	128,	0.0671606,	0.0671606,	4,	9
1,	0.0078125,	128,	0.0671606,	0.0671606,	4,	2
1,	0.0078125,	128,	0.0671606,	0.0671606,	4,	0
1,	0.0078125,	128,	0.0335803,	0.0335803,	5,	86
1,	0.0078125,	128,	0.0335803,	0.0335803,	5,	25
1,	0.0078125,	128,	0.0335803,	0.0335803,	5,	9
1,	0.0078125,	128,	0.0335803,	0.0335803,	5,	2
1,	0.0078125,	128,	0.0335803,	0.0335803,	5,	0
1,	0.5,	2,	0.268642,	0.268642,	2,	33
1,	0.5,	2,	0.268642,	0.268642,	2,	30
1,	0.5,	2,	0.268642,	0.268642,	2,	21
1,	0.5,	2,	0.268642,	0.268642,	2,	11
1,	0.5,	2,	0.268642,	0.268642,	2,	4
1,	0.5,	2,	0.134321,	0.134321,	3,	33
1,	0.5,	2,	0.134321,	0.134321,	3,	36
1,	0.5,	2,	0.134321,	0.134321,	3,	25
1,	0.5,	2,	0.134321,	0.134321,	3,	12
1,	0.5,	2,	0.134321,	0.134321,	3,	3
1,	0.5,	2,	0.0671606,	0.0671606,	4,	31
1,	0.5,	2,	0.0671606,	0.0671606,	4,	40
1,	0.5,	2,	0.0671606,	0.0671606,	4,	28
1,	0.5,	2,	0.0671606,	0.0671606,	4,	12
1,	0.5,	2,	0.0671606,	0.0671606,	4,	2
1,	0.5,	2,	0.0335803,	0.0335803,	5,	30
1,	0.5,	2,	0.0335803,	0.0335803,	5,	51
1,	0.5,	2,	0.0335803,	0.0335803,	5,	37
1,	0.5,	2,	0.0335803,	0.0335803,	5,	13
1,	0.5,	2,	0.0335803,	0.0335803,	5,	2
1,	0.5,	2,	0.0167902,	0.0167902,	6,	28
1,	0.5,	2,	0.0167902,	0.0167902,	6,	64
1,	0.5,	2,	0.0167902,	0.0167902,	6,	44
1,	0.5,	2,	0.0167902,	0.0167902,	6,	8
1,	0.5,	2,	0.268642,	0.268642,	2,	33
1,	0.5,	2,	0.268642,	0.268642,	2,	30
1,	0.5,	2,	0.268642,	0.268642,	2,	21
1,	0.5,	2,	0.268642,	0.268642,	2,	11
1,	0.5,	2,	0.268642,	0.268642,	2,	4
1,	0.5,	2,	0.134321,	0.134321,	3,	33
1,	0.5,	2,	0.134321,	0.134321,	3,	36
1,	0.5,	2,	0.134321,	0.134321,	3,	25
1,	0.5,	2,	0.134321,	0.134321,	3,	12
1,	0.5,	2,	0.134321,	0.134321,	3,	3
1,	0.5,	2,	0.0671606,	0.0671606,	4,	31
1,	0.5,	2,	0.0671606,	0.0671606,	4,	40
1,	0.5,	2,	0.0671606,	0.0671606,	4,	28
1,	0.5,	2,	0.0671606,	0.0671606,	4,	12
1,	0.5,	2,	0.0671606,	0.0671606,	4,	2
1,	0.5,	2,	0.0335803,	0.0335803,	5,	30
1,	0.5,	2,	0.0335803,	0.0335803,	5,	51
1,	0.5,	2,	0.0335803,	0.0335803,	5,	37
1,	0.5,	2,	0.0335803,	0.0335803,	5,	13
1,	0.5,	2,	0.0335803,	0.0335803,	5,	2
1,	0.5,	2,	0.0167902,	0.0167902,	6,	28
1,	0.5,	2,	0.0167902,	0.0167902,	6,	64
1,	0.5,	2,	0.0167902,	0.0167902,	6,	44
1,	0.5,	2,	0.0167902,	0.0167902,	6,	8
1,	0.5,	2,	0.00839508,	0.00839508,	7,	27
1,	0.5,	2,	0.00839508,	0.00839508,	7,	85
1,	0.5,	2,	0.00839508,	0.00839508,	7,	52
1,	0.5,	2,	0.00839508,	0.00839508,	7,	8
1,	0.5,	2,	0.00419754,	0.00419754,	8,	25
1,	0.5,	2,	0.00419754,	0.00419754,	8,	123
1,	0.5,	2,	0.00419754,	0.00419754,	8,	55
1,	0.5,	2,	0.00419754,	0.00419754,	8,	7
1,	0.25,	4,	0.268642,	0.268642,	2,	35
1,	0.25,	4,	0.268642,	0.268642,	2,	28
1,	0.25,	4,	0.268642,	0.268642,	2,	17
1,	0.25,	4,	0.268642,	0.268642,	2,	8
1,	0.25,	4,	0.268642,	0.268642,	2,	3
1,	0.25,	4,	0.134321,	0.134321,	3,	35
1,	0.25,	4,	0.134321,	0.134321,	3,	34
1,	0.25,	4,	0.134321,	0.134321,	3,	20
1,	0.25,	4,	0.134321,	0.134321,	3,	7
1,	0.25,	4,	0.134321,	0.134321,	3,	2
1,	0.25,	4,	0.0671606,	0.0671606,	4,	33
1,	0.25,	4,	0.0671606,	0.0671606,	4,	39
1,	0.25,	4,	0.0671606,	0.0671606,	4,	23
1,	0.25,	4,	0.0671606,	0.0671606,	4,	6
1,	0.25,	4,	0.0671606,	0.0671606,	4,	2
1,	0.25,	4,	0.0335803,	0.0335803,	5,	32
1,	0.25,	4,	0.0335803,	0.0335803,	5,	51
1,	0.25,	4,	0.0335803,	0.0335803,	5,	25
1,	0.25,	4,	0.0335803,	0.0335803,	5,	5
1,	0.25,	4,	0.0335803,	0.0335803,	5,	1
1,	0.25,	4,	0.0167902,	0.0167902,	6,	31
1,	0.25,	4,	0.0167902,	0.0167902,	6,	62
1,	0.25,	4,	0.0167902,	0.0167902,	6,	31
1,	0.25,	4,	0.0167902,	0.0167902,	6,	3
1,	0.25,	4,	0.00839508,	0.00839508,	7,	29
1,	0.25,	4,	0.00839508,	0.00839508,	7,	80
1,	0.25,	4,	0.00839508,	0.00839508,	7,	36
1,	0.25,	4,	0.00839508,	0.00839508,	7,	3
1,	0.25,	4,	0.00419754,	0.00419754,	8,	27
1,	0.25,	4,	0.00419754,	0.00419754,	8,	115
1,	0.25,	4,	0.00419754,	0.00419754,	8,	40
1,	0.25,	4,	0.00419754,	0.00419754,	8,	3
1,	0.125,	8,	0.268642,	0.268642,	2,	37
1,	0.125,	8,	0.268642,	0.268642,	2,	26
1,	0.125,	8,	0.268642,	0.268642,	2,	17
1,	0.125,	8,	0.268642,	0.268642,	2,	8
1,	0.125,	8,	0.268642,	0.268642,	2,	2
1,	0.125,	8,	0.134321,	0.134321,	3,	36
1,	0.125,	8,	0.134321,	0.134321,	3,	28
1,	0.125,	8,	0.134321,	0.134321,	3,	17
1,	0.125,	8,	0.134321,	0.134321,	3,	6
1,	0.125,	8,	0.134321,	0.134321,	3,	2
1,	0.125,	8,	0.0671606,	0.0671606,	4,	34
1,	0.125,	8,	0.0671606,	0.0671606,	4,	35
1,	0.125,	8,	0.0671606,	0.0671606,	4,	19
1,	0.125,	8,	0.0671606,	0.0671606,	4,	4
1,	0.125,	8,	0.0671606,	0.0671606,	4,	2
1,	0.125,	8,	0.0335803,	0.0335803,	5,	33
1,	0.125,	8,	0.0335803,	0.0335803,	5,	42
1,	0.125,	8,	0.0335803,	0.0335803,	5,	23
1,	0.125,	8,	0.0335803,	0.0335803,	5,	3
1,	0.125,	8,	0.0335803,	0.0335803,	5,	2
1,	0.125,	8,	0.0167902,	0.0167902,	6,	32
1,	0.125,	8,	0.0167902,	0.0167902,	6,	53
1,	0.125,	8,	0.0167902,	0.0167902,	6,	25
1,	0.125,	8,	0.0167902,	0.0167902,	6,	3
1,	0.125,	8,	0.00839508,	0.00839508,	7,	30
1,	0.125,	8,	0.00839508,	0.00839508,	7,	68
1,	0.125,	8,	0.00839508,	0.00839508,	7,	26
1,	0.125,	8,	0.00839508,	0.00839508,	7,	3
1,	0.125,	8,	0.00419754,	0.00419754,	8,	28
1,	0.125,	8,	0.00419754,	0.00419754,	8,	84
1,	0.125,	8,	0.00419754,	0.00419754,	8,	20
1,	0.125,	8,	0.00419754,	0.00419754,	8,	2
1,	0.0625,	16,	0.268642,	0.268642,	2,	38
1,	0.0625,	16,	0.268642,	0.268642,	2,	26
1,	0.0625,	16,	0.268642,	0.268642,	2,	17
1,	0.0625,	16,	0.268642,	0.268642,	2,	7
1,	0.0625,	16,	0.268642,	0.268642,	2,	2
1,	0.0625,	16,	0.134321,	0.134321,	3,	37
1,	0.0625,	16,	0.134321,	0.134321,	3,	27
1,	0.0625,	16,	0.134321,	0.134321,	3,	15
1,	0.0625,	16,	0.134321,	0.134321,	3,	5
1,	0.0625,	16,	0.134321,	0.134321,	3,	1
1,	0.0625,	16,	0.0671606,	0.0671606,	4,	35
1,	0.0625,	16,	0.0671606,	0.0671606,	4,	31
1,	0.0625,	16,	0.0671606,	0.0671606,	4,	13
1,	0.0625,	16,	0.0671606,	0.0671606,	4,	4
1,	0.0625,	16,	0.0671606,	0.0671606,	4,	1
1,	0.0625,	16,	0.0335803,	0.0335803,	5,	34
1,	0.0625,	16,	0.0335803,	0.0335803,	5,	37
1,	0.0625,	16,	0.0335803,	0.0335803,	5,	14
1,	0.0625,	16,	0.0335803,	0.0335803,	5,	3
1,	0.0625,	16,	0.0335803,	0.0335803,	5,	0
1,	0.0625,	16,	0.0167902,	0.0167902,	6,	32
1,	0.0625,	16,	0.0167902,	0.0167902,	6,	42
1,	0.0625,	16,	0.0167902,	0.0167902,	6,	14
1,	0.0625,	16,	0.0167902,	0.0167902,	6,	2
1,	0.0625,	16,	0.0167902,	0.0167902,	6,	0
1,	0.0625,	16,	0.00839508,	0.00839508,	7,	31
1,	0.0625,	16,	0.00839508,	0.00839508,	7,	52
1,	0.0625,	16,	0.00839508,	0.00839508,	7,	14
1,	0.0625,	16,	0.00839508,	0.00839508,	7,	2
1,	0.0625,	16,	0.00419754,	0.00419754,	8,	28
1,	0.0625,	16,	0.00419754,	0.00419754,	8,	67
1,	0.0078125,	128,	0.268642,	0.268642,	2,	53
1,	0.0078125,	128,	0.268642,	0.268642,	2,	32
1,	0.0078125,	128,	0.268642,	0.268642,	2,	16
1,	0.0078125,	128,	0.268642,	0.268642,	2,	5
1,	0.0078125,	128,	0.268642,	0.268642,	2,	1
1,	0.0078125,	128,	0.134321,	0.134321,	3,	40
1,	0.0078125,	128,	0.134321,	0.134321,	3,	28
1,	0.0078125,	128,	0.134321,	0.134321,	3,	10
1,	0.0078125,	128,	0.134321,	0.134321,	3,	3
1,	0.0078125,	128,	0.134321,	0.134321,	3,	0
1,	0.0078125,	128,	0.0671606,	0.0671606,	4,	37
1,	0.0078125,	128,	0.0671606,	0.0671606,	4,	23
1,	0.0078125,	128,	0.0671606,	0.0671606,	4,	9
1,	0.0078125,	128,	0.0671606,	0.0671606,	4,	2
1,	0.0078125,	128,	0.0671606,	0.0671606,	4,	0
1,	0.0078125,	128,	0.0335803,	0.0335803,	5,	35
1,	0.0078125,	128,	0.0335803,	0.0335803,	5,	25
1,	0.0078125,	128,	0.0335803,	0.0335803,	5,	9
1,	0.0625,	16,	0.00419754,	0.00419754,	8,	16
1,	0.0078125,	128,	0.0335803,	0.0335803,	5,	2
1,	0.0078125,	128,	0.0335803,	0.0335803,	5,	0
1,	0.0078125,	128,	0.0167902,	0.0167902,	6,	33
1,	0.0625,	16,	0.00419754,	0.00419754,	8,	2
1,	0.03125,	32,	0.268642,	0.268642,	2,	42
1,	0.03125,	32,	0.268642,	0.268642,	2,	26
1,	0.03125,	32,	0.268642,	0.268642,	2,	17
1,	0.03125,	32,	0.268642,	0.268642,	2,	6
1,	0.03125,	32,	0.268642,	0.268642,	2,	1
1,	0.03125,	32,	0.134321,	0.134321,	3,	39
1,	0.03125,	32,	0.134321,	0.134321,	3,	27
1,	0.03125,	32,	0.134321,	0.134321,	3,	13
1,	0.03125,	32,	0.134321,	0.134321,	3,	4
1,	0.03125,	32,	0.134321,	0.134321,	3,	1
1,	0.03125,	32,	0.0671606,	0.0671606,	4,	35
1,	0.03125,	32,	0.0671606,	0.0671606,	4,	27
1,	0.03125,	32,	0.0671606,	0.0671606,	4,	12
1,	0.03125,	32,	0.0671606,	0.0671606,	4,	3
1,	0.03125,	32,	0.0671606,	0.0671606,	4,	1
1,	0.03125,	32,	0.0335803,	0.0335803,	5,	34
1,	0.03125,	32,	0.0335803,	0.0335803,	5,	32
1,	0.03125,	32,	0.0335803,	0.0335803,	5,	13
1,	0.03125,	32,	0.0335803,	0.0335803,	5,	2
1,	0.03125,	32,	0.0335803,	0.0335803,	5,	0
1,	0.03125,	32,	0.0167902,	0.0167902,	6,	33
1,	0.03125,	32,	0.0167902,	0.0167902,	6,	38
1,	0.03125,	32,	0.0167902,	0.0167902,	6,	13
1,	0.03125,	32,	0.0167902,	0.0167902,	6,	2
1,	0.03125,	32,	0.0167902,	0.0167902,	6,	0
1,	0.03125,	32,	0.00839508,	0.00839508,	7,	31
1,	0.03125,	32,	0.00839508,	0.00839508,	7,	46
1,	0.03125,	32,	0.00839508,	0.00839508,	7,	13
1,	0.0078125,	128,	0.0167902,	0.0167902,	6,	32
1,	0.03125,	32,	0.00839508,	0.00839508,	7,	2
1,	0.03125,	32,	0.00839508,	0.00839508,	7,	0
1,	0.03125,	32,	0.00419754,	0.00419754,	8,	28
1,	0.0078125,	128,	0.0167902,	0.0167902,	6,	7
