1,	0.5,	2,	2,	5,	20.6
1,	0.5,	2,	3,	5,	24.2
1,	0.5,	2,	4,	5,	27
1,	0.5,	2,	5,	5,	32.8
1,	0.5,	2,	6,	4,	48.5
1,	0.5,	2,	7,	4,	61.25
1,	0.5,	2,	8,	4,	94.75
1,	0.25,	4,	2,	5,	19.2
1,	0.25,	4,	3,	5,	22
1,	0.25,	4,	4,	5,	26.4
1,	0.25,	4,	5,	5,	32.2
1,	0.25,	4,	6,	4,	55
1,	0.25,	4,	7,	4,	74.25
1,	0.25,	4,	8,	4,	91.5
1,	0.125,	8,	2,	5,	18.8
1,	0.125,	8,	3,	5,	20
1,	0.125,	8,	4,	5,	25
1,	0.125,	8,	5,	5,	32
1,	0.125,	8,	6,	4,	54.75
1,	0.125,	8,	7,	4,	74
1,	0.125,	8,	8,	4,	93
1,	0.0625,	16,	2,	5,	18.4
1,	0.0625,	16,	3,	5,	19.2
1,	0.0625,	16,	4,	5,	22.8
1,	0.0625,	16,	5,	5,	29.2
1,	0.0625,	16,	6,	5,	41.8
1,	0.0625,	16,	7,	4,	67
1,	0.0625,	16,	8,	5,	76
1,	0.03125,	32,	2,	5,	18.4
1,	0.03125,	32,	3,	5,	18
1,	0.03125,	32,	4,	5,	21.2
1,	0.03125,	32,	5,	5,	28.2
1,	0.03125,	32,	6,	5,	41.8
1,	0.03125,	32,	7,	5,	53
1,	0.03125,	32,	8,	5,	76.8
1,	0.015625,	64,	2,	5,	18.8
1,	0.015625,	64,	3,	5,	17.4
1,	0.015625,	64,	4,	5,	19.6
1,	0.015625,	64,	5,	5,	27
1,	0.015625,	64,	6,	5,	39.8
1,	0.015625,	64,	7,	5,	54.6
1,	0.0078125,	128,	2,	5,	21.2
1,	0.0078125,	128,	3,	5,	17
1,	0.0078125,	128,	4,	5,	17.2
1,	0.0078125,	128,	5,	5,	24.4
1,	0.5,	2,	2,	5,	19.8
1,	0.5,	2,	3,	5,	21.8
1,	0.5,	2,	4,	5,	22.6
1,	0.5,	2,	5,	5,	26.6
1,	0.5,	2,	6,	4,	36
1,	0.5,	2,	2,	5,	19.8,	5.27608e-10
1,	0.5,	2,	3,	5,	21.8,	3.65534e-10
1,	0.5,	2,	4,	5,	22.6,	5.55077e-10
1,	0.5,	2,	5,	5,	26.6,	5.84641e-10
1,	0.5,	2,	6,	4,	36,	3.25636e-09
1,	0.5,	2,	7,	4,	43,	2.15143e-09
1,	0.5,	2,	8,	4,	52.5,	2.26973e-09
1,	0.25,	4,	2,	5,	18.2,	2.83403e-10
1,	0.25,	4,	3,	5,	19.6,	3.2643e-10
1,	0.25,	4,	4,	5,	20.6,	3.25892e-10
1,	0.25,	4,	5,	5,	22.8,	7.52526e-10
1,	0.25,	4,	6,	4,	31.75,	1.89128e-09
1,	0.25,	4,	7,	4,	37,	1.50499e-09
1,	0.25,	4,	8,	4,	46.25,	2.39035e-09
1,	0.125,	8,	2,	5,	18,	2.70037e-10
1,	0.125,	8,	3,	5,	17.8,	2.01376e-10
1,	0.125,	8,	4,	5,	18.8,	4.87886e-10
1,	0.125,	8,	5,	5,	20.6,	6.57082e-10
1,	0.125,	8,	6,	4,	28.25,	1.24622e-09
1,	0.125,	8,	7,	4,	31.75,	1.97677e-09
1,	0.125,	8,	8,	4,	33.5,	2.7423e-09
1,	0.0625,	16,	2,	5,	18,	2.02019e-10
1,	0.0625,	16,	3,	5,	17,	5.35672e-10
1,	0.0625,	16,	4,	5,	16.8,	7.30539e-10
1,	0.0625,	16,	5,	5,	17.6,	1.36011e-09
1,	0.0625,	16,	6,	5,	18,	1.92589e-09
1,	0.0625,	16,	7,	4,	24.75,	2.28232e-09
1,	0.0625,	16,	8,	4,	28.25,	3.33205e-09
1,	0.03125,	32,	2,	5,	18.4,	5.90229e-10
1,	0.03125,	32,	3,	5,	16.8,	6.33243e-10
1,	0.03125,	32,	4,	5,	15.6,	8.05279e-10
1,	0.03125,	32,	5,	5,	16.2,	1.90543e-09
1,	0.03125,	32,	6,	5,	17.2,	1.68245e-09
1,	0.03125,	32,	7,	5,	18.4,	2.9401e-09
1,	0.0078125,	128,	2,	5,	21.4,	9.1596e-10
1,	0.0078125,	128,	3,	5,	16.2,	1.47705e-09
1,	0.0078125,	128,	4,	5,	14.2,	1.74152e-09
1,	0.0078125,	128,	5,	5,	14.2,	3.15228e-09
