0.000112361,	0
0.00012047,	0
0.000191442,	0
0.000222899,	4.72718e-05
0.000222899,	-4.72718e-05
0.00026584,	-0.00018092
0.00026584,	0.00018092
0.000364229,	9.68577e-05
0.000364229,	-9.68577e-05
0.000467018,	0
0.000536886,	-0.000165627
0.000536886,	0.000165627
0.000564517,	-0.000343572
0.000564517,	0.000343572
0.000602563,	0.00039581
0.000602563,	-0.00039581
0.000644744,	0.000429094
0.000644744,	-0.000429094
0.000689452,	0.000448405
0.000689452,	-0.000448405
0.000733601,	-0.000199239
0.000733601,	0.000199239
0.000735642,	-0.000455682
0.000735642,	0.000455682
0.000784091,	0.000451561
0.000784091,	-0.000451561
0.000838589,	-0.000432129
0.000838589,	0.000432129
0.000960802,	7.92429e-05
0.000960802,	-7.92429e-05
0.00103252,	-4.01811e-05
0.00103252,	4.01811e-05
0.0011168,	-0.000134031
0.0011168,	0.000134031
0.00112597,	-0.000116599
0.00112597,	0.000116599
0.00114453,	7.6142e-05
0.00114453,	-7.6142e-05
1,	0
1,	0
1,	2.08629e-16
1,	-2.08629e-16
1,	0
1,	0
1,	0
1,	0
1,	0
