-0.0628909,	0
-0.0412662,	0
-0.035398,	0
-0.0324853,	0
-0.0266562,	0.0065215
-0.0266562,	-0.0065215
-0.0204379,	0
-0.0179486,	0
-0.00899236,	0.028165
-0.00899236,	-0.028165
-0.00694702,	-0.0246423
-0.00694702,	0.0246423
-0.00200628,	0.0335447
-0.00200628,	-0.0335447
-0.000545314,	0.0324012
-0.000545314,	-0.0324012
0.0123818,	0
0.0186988,	-0.0164873
0.0186988,	0.0164873
0.0283181,	-0.135642
0.0283181,	0.135642
0.0336239,	-0.0303156
0.0336239,	0.0303156
0.0382697,	-0.0300493
0.0382697,	0.0300493
0.0422277,	-0.124805
0.0422277,	0.124805
0.0539339,	-0.0473659
0.0539339,	0.0473659
0.0630711,	0.037981
0.0630711,	-0.037981
0.0641899,	0.137077
0.0641899,	-0.137077
0.0693722,	-0.109751
0.0693722,	0.109751
0.0741448,	-0.0973061
0.0741448,	0.0973061
0.0862996,	0.0416802
0.0862996,	-0.0416802
0.0912432,	0.0889357
0.0912432,	-0.0889357
0.0954544,	0.0812853
0.0954544,	-0.0812853
0.104587,	-0.0885251
0.104587,	0.0885251
0.10633,	-0.069563
0.10633,	0.069563
0.128939,	-0.0637924
0.128939,	0.0637924
0.131509,	0.080086
0.131509,	-0.080086
0.13524,	0.060483
0.13524,	-0.060483
0.137422,	0.0515743
0.137422,	-0.0515743
0.171566,	0.0417324
0.171566,	-0.0417324
0.175366,	-0.0471274
0.175366,	0.0471274
0.181467,	0.0108488
0.181467,	-0.0108488
0.190424,	-0.324828
0.190424,	0.324828
0.202213,	-0.396251
0.202213,	0.396251
0.204921,	0
0.205338,	0.044924
0.205338,	-0.044924
0.221264,	0.0170402
0.221264,	-0.0170402
0.228933,	0
0.234703,	-0.027414
0.234703,	0.027414
0.248115,	0.0447152
0.248115,	-0.0447152
0.24989,	0
0.250816,	0.0428389
0.250816,	-0.0428389
0.255313,	0
0.25809,	0
0.263891,	0
0.270052,	-0.0231473
0.270052,	0.0231473
0.312234,	0.0420398
0.312234,	-0.0420398
0.329696,	-0.0406603
0.329696,	0.0406603
0.336154,	0
0.343822,	-0.0325116
0.343822,	0.0325116
0.359639,	0.0300916
0.359639,	-0.0300916
0.364153,	0
0.36596,	0
1,	6.12087e-14
1,	-6.12087e-14
1,	0
1,	-3.8094e-14
1,	3.8094e-14
1,	0
