0.00194615,	0
0.00195565,	0
0.00399997,	0
0.0062225,	0
0.00676668,	0
0.00821088,	0
0.0117879,	-0.0106499
0.0117879,	0.0106499
0.011857,	0
0.0120018,	-0.0107474
0.0120018,	0.0107474
0.015093,	-0.0105634
0.015093,	0.0105634
0.0152516,	0.00239647
0.0152516,	-0.00239647
0.021235,	0.0150223
0.021235,	-0.0150223
0.0214173,	-0.00830692
0.0214173,	0.00830692
0.0225687,	0.0113415
0.0225687,	-0.0113415
0.0237922,	0
0.0342744,	0.0196389
0.0342744,	-0.0196389
0.0349097,	0.00350588
0.0349097,	-0.00350588
0.0350316,	0.0323406
0.0350316,	-0.0323406
0.0354638,	-0.00963566
0.0354638,	0.00963566
0.0360132,	-0.0392763
0.0360132,	0.0392763
0.0370537,	0.0441717
0.0370537,	-0.0441717
0.0414093,	-0.0112032
0.0414093,	0.0112032
0.0444085,	-0.0149779
0.0444085,	0.0149779
0.0461896,	-0.0163562
0.0461896,	0.0163562
0.0465707,	0
0.0555378,	0.00630372
0.0555378,	-0.00630372
0.0582981,	-0.00139798
0.0582981,	0.00139798
0.0655283,	-0.00657202
0.0655283,	0.00657202
0.0657331,	0.00905197
0.0657331,	-0.00905197
0.0662509,	-0.00253098
0.0662509,	0.00253098
0.0671548,	-0.00819606
0.0671548,	0.00819606
0.067507,	0.00623611
0.067507,	-0.00623611
0.0675181,	0
0.0678925,	-0.00417445
0.0678925,	0.00417445
0.0713669,	-0.00528826
0.0713669,	0.00528826
1,	0
1,	0
1,	0
1,	0
1,	0
1,	0
1,	0
