0.000131814,	0
0.000245819,	0
0.000355276,	0
0.000413611,	0.000241745
0.000413611,	-0.000241745
0.000423841,	-0.000161933
0.000423841,	0.000161933
0.000513594,	0
0.000585483,	-0.000324807
0.000585483,	0.000324807
0.000607715,	-0.000368145
0.000607715,	0.000368145
0.000613119,	0
0.000664286,	-0.000412808
0.000664286,	0.000412808
0.000709609,	0
0.000730038,	-0.000433951
0.000730038,	0.000433951
0.000806341,	-0.000435533
0.000806341,	0.000435533
0.000978078,	5.63197e-05
0.000978078,	-5.63197e-05
0.00115762,	-7.81734e-05
0.00115762,	7.81734e-05
0.00117197,	-0.000105651
0.00117197,	0.000105651
0.00118057,	0.00014388
0.00118057,	-0.00014388
0.998043,	0
1,	0
1,	0
1,	2.48922e-15
1,	-2.48922e-15
1,	-3.94183e-15
1,	3.94183e-15
1,	0
