0.00202547,	0
0.002096,	0
0.00450244,	-0.000511986
0.00450244,	0.000511986
0.00553867,	0.00193938
0.00553867,	-0.00193938
0.00575059,	-0.00295988
0.00575059,	0.00295988
0.00698827,	0.00269915
0.00698827,	-0.00269915
0.00722301,	0
0.0101209,	0.0060135
0.0101209,	-0.0060135
0.0105496,	-0.00699314
0.0105496,	0.00699314
0.0109027,	-0.00744036
0.0109027,	0.00744036
0.0110046,	-0.00308269
0.0110046,	0.00308269
0.0110115,	-0.00787465
0.0110115,	0.00787465
0.0112197,	0.00827629
0.0112197,	-0.00827629
0.0121907,	-0.00144333
0.0121907,	0.00144333
0.0155739,	-0.0014336
0.0155739,	0.0014336
0.0178372,	-0.00112747
0.0178372,	0.00112747
0.0183017,	0.0021956
0.0183017,	-0.0021956
0.0188296,	-0.00228158
0.0188296,	0.00228158
0.018924,	-0.00144496
0.018924,	0.00144496
1,	0
1,	1.30493e-14
1,	-1.30493e-14
1,	0
1,	0
1,	0
