0.000527237,	0
0.000918787,	0
0.0014127,	0
0.00161758,	0.0007193
0.00161758,	-0.0007193
0.00166548,	0.00101203
0.00166548,	-0.00101203
0.00168809,	0
0.00234063,	-0.000473546
0.00234063,	0.000473546
0.00242107,	0.00157273
0.00242107,	-0.00157273
0.00256041,	-0.00125768
0.00256041,	0.00125768
0.00262965,	-0.00175053
0.00262965,	0.00175053
0.00284326,	0.00181878
0.00284326,	-0.00181878
0.00308013,	-0.00179015
0.00308013,	0.00179015
0.00366998,	-0.000152367
0.00366998,	0.000152367
0.00411596,	0
0.00463025,	-0.000372247
0.00463025,	0.000372247
0.00471406,	0.000420106
0.00471406,	-0.000420106
0.00472409,	-0.000592212
0.00472409,	0.000592212
0.849713,	0
1,	0
1,	4.3352e-15
1,	-4.3352e-15
1,	0
1,	0
1,	0
