3.43918e-05,	0
3.75744e-05,	0
4.30254e-05,	0
4.84799e-05,	0
6.03469e-05,	0
7.48652e-05,	0
9.26563e-05,	0
0.000116498,	0
0.000193752,	0.000167646
0.000193752,	-0.000167646
0.000198816,	0.000168425
0.000198816,	-0.000168425
0.000209867,	-2.54844e-05
0.000209867,	2.54844e-05
0.000229136,	0.000163258
0.000229136,	-0.000163258
0.000282133,	-0.000115253
0.000282133,	0.000115253
0.000344526,	0.000165441
0.000344526,	-0.000165441
0.000353991,	-0.000208324
0.000353991,	0.000208324
0.000365127,	0.000226996
0.000365127,	-0.000226996
0.000536536,	-0.000284263
0.000536536,	0.000284263
0.00056117,	0.000331868
0.00056117,	-0.000331868
0.000584288,	-0.000363686
0.000584288,	0.000363686
0.000607021,	0.00038643
0.000607021,	-0.00038643
0.000625929,	0.000202169
0.000625929,	-0.000202169
0.000629551,	0.000402377
0.000629551,	-0.000402377
0.000634772,	0
0.000651918,	-0.000412509
0.000651918,	0.000412509
0.000674217,	0.00041725
0.000674217,	-0.00041725
0.000686113,	-0.000247811
0.000686113,	0.000247811
0.000696654,	-0.000416786
0.000696654,	0.000416786
0.000719455,	0.000411194
0.000719455,	-0.000411194
0.000742728,	-0.000400358
0.000742728,	0.000400358
0.000766384,	0.00038376
0.000766384,	-0.00038376
0.000790067,	0.000360369
0.000790067,	-0.000360369
0.000814071,	0.000327914
0.000814071,	-0.000327914
0.000889985,	-6.03919e-05
0.000889985,	6.03919e-05
0.00102611,	0
0.00102729,	-0.000140908
0.00102729,	0.000140908
0.00104003,	-9.0461e-05
0.00104003,	9.0461e-05
0.00104785,	0.000125337
0.00104785,	-0.000125337
0.00105253,	-6.10736e-05
0.00105253,	6.10736e-05
0.00105271,	0
0.0010894,	-9.21245e-05
0.0010894,	9.21245e-05
0.00109658,	8.20043e-05
0.00109658,	-8.20043e-05
0.0010982,	7.91352e-05
0.0010982,	-7.91352e-05
1,	0
1,	0
1,	0
1,	0
1,	0
1,	0
1,	0
1,	0
1,	-3.33067e-16
1,	3.33067e-16
1,	0
1,	0
1,	0
1,	0
1,	0
1,	0
1,	0
