-0.0155399,	0
-0.0109355,	0
-0.010315,	0
-0.00883768,	0
-0.00792744,	0
-0.00671474,	-0.00169517
-0.00671474,	0.00169517
-0.0045693,	0
-0.00189468,	-0.00658395
-0.00189468,	0.00658395
-0.00154694,	-0.00678902
-0.00154694,	0.00678902
-0.000402484,	0.00826166
-0.000402484,	-0.00826166
0.0032609,	-0.0102916
0.0032609,	0.0102916
0.00505448,	-0.00288211
0.00505448,	0.00288211
0.00721435,	-0.0339857
0.00721435,	0.0339857
0.00859847,	0.0330887
0.00859847,	-0.0330887
0.00952629,	0.0079414
0.00952629,	-0.0079414
0.0107499,	-0.0312109
0.0107499,	0.0312109
0.0154953,	0.0260105
0.0154953,	-0.0260105
0.016129,	-0.0341063
0.016129,	0.0341063
0.0167563,	0.0314072
0.0167563,	-0.0314072
0.0174252,	-0.0272432
0.0174252,	0.0272432
0.0185987,	-0.0241707
0.0185987,	0.0241707
0.0214554,	-0.0206428
0.0214554,	0.0206428
0.0219779,	0.0219092
0.0219779,	-0.0219092
0.0259387,	-0.0216944
0.0259387,	0.0216944
0.0289533,	0
0.0298888,	-0.0199642
0.0298888,	0.0199642
0.0328962,	0.0198307
0.0328962,	-0.0198307
0.0334237,	-0.0146099
0.0334237,	0.0146099
0.0426244,	-0.06193
0.0426244,	0.06193
0.0459738,	-0.0142196
0.0459738,	0.0142196
0.047755,	0.0788534
0.047755,	-0.0788534
0.0494163,	-0.00557167
0.0494163,	0.00557167
0.0497959,	0.0898041
0.0497959,	-0.0898041
0.0505452,	-0.0971284
0.0505452,	0.0971284
0.0512935,	0.0111987
0.0512935,	-0.0111987
0.0595129,	0
0.0618268,	-0.0109219
0.0618268,	0.0109219
0.062856,	-0.0110562
0.062856,	0.0110562
0.0693204,	-0.00526295
0.0693204,	0.00526295
0.0735792,	-0.00733325
0.0735792,	0.00733325
0.0750895,	-0.00437399
0.0750895,	0.00437399
0.0778172,	0.010273
0.0778172,	-0.010273
0.0808282,	0
0.0813206,	0.0108728
0.0813206,	-0.0108728
0.0821549,	-0.00981939
0.0821549,	0.00981939
0.0839299,	0
0.0858189,	0.00807473
0.0858189,	-0.00807473
0.0898097,	0.00753363
0.0898097,	-0.00753363
0.0904391,	0.00967919
0.0904391,	-0.00967919
0.0909888,	0
0.0915186,	0
0.0928046,	0
1,	0
1,	-5.49532e-15
1,	5.49532e-15
1,	0
1,	-3.41134e-15
1,	3.41134e-15
1,	-3.58982e-15
1,	3.58982e-15
1,	0
