-4.38092e-06,	-0.000624211
-4.38092e-06,	0.000624211
3.92723e-05,	-0.000637409
3.92723e-05,	0.000637409
0.000104029,	-0.000648933
0.000104029,	0.000648933
0.000128207,	-0.000147226
0.000128207,	0.000147226
0.000185674,	5.24943e-05
0.000185674,	-5.24943e-05
0.000247104,	-0.000675673
0.000247104,	0.000675673
0.000435953,	-0.00059812
0.000435953,	0.00059812
0.000854033,	0.00163963
0.000854033,	-0.00163963
0.000877182,	0
0.000904774,	0.00165099
0.000904774,	-0.00165099
0.0010232,	0.00158401
0.0010232,	-0.00158401
0.00104786,	0.00161064
0.00104786,	-0.00161064
0.00126921,	0.00146078
0.00126921,	-0.00146078
0.00187076,	0
0.00187207,	0.00196017
0.00187207,	-0.00196017
0.00187515,	-0.00202624
0.00187515,	0.00202624
0.0020795,	0.00188543
0.0020795,	-0.00188543
0.00220822,	-0.00168679
0.00220822,	0.00168679
0.00295941,	-0.00151725
0.00295941,	0.00151725
0.00348635,	0.00190358
0.00348635,	-0.00190358
0.00377337,	0.00233483
0.00377337,	-0.00233483
0.0039392,	-0.00266596
0.0039392,	0.00266596
0.00406317,	0.00293971
0.00406317,	-0.00293971
0.00416467,	0.00317317
0.00416467,	-0.00317317
0.00425128,	-0.00337711
0.00425128,	0.00337711
0.0043272,	0.00355842
0.0043272,	-0.00355842
0.004395,	0.00372174
0.004395,	-0.00372174
0.00445638,	-0.0038704
0.00445638,	0.0038704
0.00451254,	-0.00400685
0.00451254,	0.00400685
0.00456436,	0.00413297
0.00456436,	-0.00413297
0.00461249,	-0.00425024
0.00461249,	0.00425024
0.00465746,	0.00435981
0.00465746,	-0.00435981
0.00469195,	0.00132502
0.00469195,	-0.00132502
0.00469969,	0.00446265
0.00469969,	-0.00446265
0.00495592,	-0.000413112
0.00495592,	0.000413112
0.00513329,	0.00144331
0.00513329,	-0.00144331
0.00515011,	-0.00151646
0.00515011,	0.00151646
0.00515756,	-0.00158949
0.00515756,	0.00158949
0.00523043,	0.000719937
0.00523043,	-0.000719937
0.00545086,	0.000947393
0.00545086,	-0.000947393
0.00557405,	-0.000758779
0.00557405,	0.000758779
0.00561711,	-0.000827728
0.00561711,	0.000827728
0.00564404,	0.000784589
0.00564404,	-0.000784589
1,	0
1,	0
1,	0
1,	0
1,	0
1,	0
1,	-8.43477e-15
1,	8.43477e-15
1,	1.4057e-14
1,	-1.4057e-14
1,	-1.23873e-14
1,	1.23873e-14
1,	0
1,	5.0137e-15
1,	-5.0137e-15
1,	0
