0.000131329,	0
0.000209341,	0
0.000278822,	0
0.000335332,	0
0.000370422,	-5.97974e-05
0.000370422,	5.97974e-05
0.000422158,	0.000135488
0.000422158,	-0.000135488
0.000492668,	0.000184719
0.000492668,	-0.000184719
0.000537816,	0
0.00060547,	0
0.000739637,	0
0.000931741,	0
0.00105555,	0
0.00124443,	0
0.00129355,	0
0.00143177,	0
0.00160175,	0
0.00177679,	0
0.00194175,	0
0.00194695,	0
0.00208962,	-6.10983e-06
0.00208962,	6.10983e-06
0.00216713,	0
0.00216941,	2.70734e-05
0.00216941,	-2.70734e-05
1,	0
1,	5.71266e-15
1,	-5.71266e-15
1,	3.46448e-15
1,	-3.46448e-15
1,	0
1,	0
