0.00706109,	0
0.00753691,	0
0.00892413,	0
0.0130859,	-0.00324844
0.0130859,	0.00324844
0.0160855,	-0.0116722
0.0160855,	0.0116722
0.0191041,	0.00472645
0.0191041,	-0.00472645
0.0206044,	-0.0102127
0.0206044,	0.0102127
0.0300905,	0.00697336
0.0300905,	-0.00697336
0.0349891,	-0.0134447
0.0349891,	0.0134447
0.0371412,	0.0177824
0.0371412,	-0.0177824
0.0389838,	0.0298803
0.0389838,	-0.0298803
0.0405468,	0.0359433
0.0405468,	-0.0359433
0.0419842,	-0.0400721
0.0419842,	0.0400721
0.0440945,	-0.00813279
0.0440945,	0.00813279
0.0461508,	0.0128937
0.0461508,	-0.0128937
0.0472304,	0
0.0510429,	0
0.0614108,	0.00711826
0.0614108,	-0.00711826
0.0691664,	0.00544739
0.0691664,	-0.00544739
0.0697913,	0.00115367
0.0697913,	-0.00115367
0.0703883,	0.00774171
0.0703883,	-0.00774171
0.0722771,	0.00894943
0.0722771,	-0.00894943
0.0734588,	-0.00526871
0.0734588,	0.00526871
1,	0
1,	1.50188e-15
1,	-1.50188e-15
1,	0
1,	0
