0.0336893,	0
0.0364589,	0
0.0767216,	0
0.0937554,	0
0.0962872,	-0.0289629
0.0962872,	0.0289629
0.099082,	0.0553645
0.099082,	-0.0553645
0.103502,	0.065214
0.103502,	-0.065214
0.109981,	0.0526458
0.109981,	-0.0526458
0.152828,	-0.118802
0.152828,	0.118802
0.162583,	-0.050567
0.162583,	0.050567
0.17144,	0.155119
0.17144,	-0.155119
0.18599,	0.0554348
0.18599,	-0.0554348
0.220229,	0.0275776
0.220229,	-0.0275776
0.249459,	0.0314571
0.249459,	-0.0314571
0.282923,	-0.0127607
0.282923,	0.0127607
0.297438,	-0.0370423
0.297438,	0.0370423
0.30529,	0.0382405
0.30529,	-0.0382405
0.306648,	-0.0258528
0.306648,	0.0258528
1,	0
1,	0
1,	0
