0.000496917,	0.0108479
0.000496917,	0.0112693
0.000742546,	0.0112693
0.00101044,	0.0113223
0.00129935,	0.0113223
0.00157989,	0.0114421
0.00192295,	0.0114421
0.00298485,	0.0139298
0.0029931,	0.0139298
0.0029931,	0.0147486
0.00316978,	0.0151624
0.00316978,	0.016447
0.00351137,	0.016447
0.00351137,	0.0164537
0.0040736,	0.0164537
0.00415658,	0.0165791
0.00415658,	0.0167701
0.00534202,	0.0167701
0.00534202,	0.0168333
0.00543643,	0.0168333
0.00543643,	0.016981
0.0055545,	0.016981
0.0055545,	0.0170782
0.00587273,	0.0173868
0.00587273,	0.0173868
0.00926176,	0.0177984
0.00926176,	0.0177984
0.00928589,	1
0.00928589,	1
0.00930259,	1
0.00930259,	1
0.00935516,	1
0.00935516,	1
0.00935914,	1
0.00935914,	1
0.0094286,	1
0.0094286,	1
0.00951459,	1
0.00951459,	-0.0093616
0.00960849,	-0.0099122
0.00960849,	0.0099122
0.0108479,	0.00366149
0.0108479,	-0.00366149
0.0112693,	0.00142017
0.0112693,	-0.00142017
0.0113223,	0.00379797
0.0113223,	-0.00379797
0.0114421,	-0.00386376
0.0114421,	0.00386376
0.0139298,	0.00149577
0.0139298,	-0.00149577
0.0147486,	0
0.0151624,	0
0.016447,	-0.0022503
0.016447,	0.0022503
0.0164537,	-0.00175883
0.0164537,	0.00175883
0.0165791,	0
0.0167701,	-0.00198068
0.0167701,	0.00198068
0.0168333,	-0.00143118
0.0168333,	0.00143118
0.016981,	0.000975007
0.016981,	-0.000975007
0.0170782,	0
0.0173868,	-0.00130812
0.0173868,	0.00130812
0.0177984,	-0.00132237
0.0177984,	0.00132237
1,	0
1,	0
1,	0
1,	0
1,	1.1199e-15
1,	-1.1199e-15
1,	0
1,	0
1,	-5.20741e-16
1,	5.20741e-16
1,	0
