-0.000345129,	-0.0398346
-0.000345129,	0.0398346
0.00709046,	-0.0330405
0.00709046,	0.0330405
0.0084429,	0.00703317
0.0084429,	-0.00703317
0.00846541,	0
0.00911878,	-0.0152655
0.00911878,	0.0152655
0.0113247,	0.0393849
0.0113247,	-0.0393849
0.0114074,	0.0217436
0.0114074,	-0.0217436
0.0131335,	0.0453096
0.0131335,	-0.0453096
0.0195632,	-0.03588
0.0195632,	0.03588
0.0206403,	0
0.0305892,	-0.0483235
0.0305892,	0.0483235
0.0410204,	0.0477831
0.0410204,	-0.0477831
0.0459998,	0
0.0472555,	-0.103974
0.0472555,	0.103974
0.0558735,	-0.0462185
0.0558735,	0.0462185
0.0777897,	-0.0373921
0.0777897,	0.0373921
0.0806112,	0.0912944
0.0806112,	-0.0912944
0.0900243,	0.0544044
0.0900243,	-0.0544044
0.107416,	-0.070499
0.107416,	0.070499
0.111371,	-0.0726895
0.111371,	0.0726895
0.119422,	0.134284
0.119422,	-0.134284
0.143226,	0.118453
0.143226,	-0.118453
0.144442,	0
0.151268,	-0.106455
0.151268,	0.106455
0.159932,	0.0913792
0.159932,	-0.0913792
0.160351,	0.0933314
0.160351,	-0.0933314
0.170646,	0.0806353
0.170646,	-0.0806353
0.176786,	0.0630269
0.176786,	-0.0630269
0.196722,	-0.0599835
0.196722,	0.0599835
0.202041,	-0.0652168
0.202041,	0.0652168
0.220381,	0.0375599
0.220381,	-0.0375599
0.261017,	-0.0283706
0.261017,	0.0283706
0.262132,	0.26182
0.262132,	-0.26182
0.278509,	0.0421305
0.278509,	-0.0421305
0.290237,	0.0213747
0.290237,	-0.0213747
0.294946,	-0.0709638
0.294946,	0.0709638
0.296625,	-0.0547766
0.296625,	0.0547766
0.297559,	0.324599
0.297559,	-0.324599
0.298907,	0.0489383
0.298907,	-0.0489383
0.300664,	-0.0679104
0.300664,	0.0679104
0.300967,	0.088113
0.300967,	-0.088113
0.303426,	-0.0378433
0.303426,	0.0378433
0.313785,	0.0400466
0.313785,	-0.0400466
0.319252,	0.0521311
0.319252,	-0.0521311
0.322532,	0.0748366
0.322532,	-0.0748366
0.325949,	-0.082662
0.325949,	0.082662
0.33178,	-0.10431
0.33178,	0.10431
0.337815,	-0.0535424
0.337815,	0.0535424
0.368991,	0.0435011
0.368991,	-0.0435011
1,	0
1,	7.29138e-14
1,	-7.29138e-14
1,	-7.40903e-14
1,	7.40903e-14
1,	0
