-0.00290936,	0
-0.00226269,	0.00790993
-0.00226269,	-0.00790993
-0.00137221,	0
-0.000846147,	-0.00884141
-0.000846147,	0.00884141
-0.000331237,	0
0.00122254,	-0.00082615
0.00122254,	0.00082615
0.00134416,	0.0106034
0.00134416,	-0.0106034
0.00175933,	-0.00761205
0.00175933,	0.00761205
0.00323597,	0.00995357
0.00323597,	-0.00995357
0.00454667,	-0.00570441
0.00454667,	0.00570441
0.00985235,	0
0.0102615,	0.0110888
0.0102615,	-0.0110888
0.0115815,	0.0266547
0.0115815,	-0.0266547
0.0116782,	0.00594086
0.0116782,	-0.00594086
0.0152928,	-0.0256286
0.0152928,	0.0256286
0.0200848,	-0.023592
0.0200848,	0.023592
0.0239959,	-0.0111372
0.0239959,	0.0111372
0.0265511,	0.0177359
0.0265511,	-0.0177359
0.0292345,	-0.0328346
0.0292345,	0.0328346
0.0310061,	0.0168569
0.0310061,	-0.0168569
0.0315813,	-0.0312394
0.0315813,	0.0312394
0.0349255,	-0.0286706
0.0349255,	0.0286706
0.0371588,	0.0263676
0.0371588,	-0.0263676
0.0381268,	0.0252949
0.0381268,	-0.0252949
0.0404778,	-0.022894
0.0404778,	0.022894
0.0441748,	0.018629
0.0441748,	-0.018629
0.0497834,	0.0163399
0.0497834,	-0.0163399
0.0536686,	0.0125421
0.0536686,	-0.0125421
0.0539673,	-0.0504197
0.0539673,	0.0504197
0.0630759,	-0.0646811
0.0630759,	0.0646811
0.0671299,	-0.00726632
0.0671299,	0.00726632
0.0678678,	-0.0738387
0.0678678,	0.0738387
0.0700668,	0
0.070956,	-0.0168808
0.070956,	0.0168808
0.0711212,	-0.0805142
0.0711212,	0.0805142
0.0726242,	-0.0216175
0.0726242,	0.0216175
0.0728368,	-0.0196257
0.0728368,	0.0196257
0.0746725,	0.00974969
0.0746725,	-0.00974969
0.0778121,	-0.00965178
0.0778121,	0.00965178
0.0785999,	-0.0150063
0.0785999,	0.0150063
0.0787856,	-0.0177859
0.0787856,	0.0177859
0.0789375,	0.0112943
0.0789375,	-0.0112943
0.0800355,	0.0200251
0.0800355,	-0.0200251
0.0807088,	0.0230944
0.0807088,	-0.0230944
0.0810663,	-0.0253312
0.0810663,	0.0253312
0.082922,	-0.0141767
0.082922,	0.0141767
0.0871987,	0.0135912
0.0871987,	-0.0135912
0.0904699,	0.013035
0.0904699,	-0.013035
1,	0
1,	0
1,	4.96259e-15
1,	-4.96259e-15
1,	-5.87331e-15
1,	5.87331e-15
1,	0
1,	0
1,	0
