0.000132736,	0
0.000162925,	0
0.000218717,	0
0.000326057,	-1.91208e-05
0.000326057,	1.91208e-05
0.000374914,	-9.31343e-05
0.000374914,	9.31343e-05
0.000434786,	0.00015248
0.000434786,	-0.00015248
0.000506304,	-0.00018868
0.000506304,	0.00018868
0.000547865,	0
0.000646779,	0
0.000715725,	0
0.000871379,	0
0.00101004,	0
0.00120397,	0
0.00123853,	0
0.00146261,	0
0.00163451,	0
0.00179487,	0
0.00183302,	0
0.00197673,	0.000187341
0.00197673,	-0.000187341
0.00202893,	0.000141497
0.00202893,	-0.000141497
0.00205402,	8.21876e-05
0.00205402,	-8.21876e-05
0.00206156,	2.5966e-05
0.00206156,	-2.5966e-05
0.489123,	0
1,	0
1,	0
1,	0
1,	-9.93014e-16
1,	9.93014e-16
1,	8.9681e-16
1,	-8.9681e-16
