-1.99013e-05,	-0.00249112
-1.99013e-05,	0.00249112
0.000263929,	0.00259291
0.000263929,	-0.00259291
0.000396798,	-0.000603771
0.000396798,	0.000603771
0.000509837,	0
0.000650916,	0.00209403
0.000650916,	-0.00209403
0.000736053,	-0.00133882
0.000736053,	0.00133882
0.000817386,	0.00282032
0.000817386,	-0.00282032
0.00172332,	0.00234679
0.00172332,	-0.00234679
0.00191365,	-0.00278947
0.00191365,	0.00278947
0.00316322,	0.0065339
0.00316322,	-0.0065339
0.00359669,	0.00641551
0.00359669,	-0.00641551
0.00408497,	0.00624411
0.00408497,	-0.00624411
0.00524049,	-0.0056794
0.00524049,	0.0056794
0.0056996,	0
0.00608385,	-0.005081
0.00608385,	0.005081
0.00747574,	0.00821729
0.00747574,	-0.00821729
0.00777572,	0.00805273
0.00777572,	-0.00805273
0.00815938,	-0.0077707
0.00815938,	0.0077707
0.00836701,	0.00747187
0.00836701,	-0.00747187
0.00896711,	0.00719886
0.00896711,	-0.00719886
0.00985713,	-0.00619912
0.00985713,	0.00619912
0.0115407,	-0.00427138
0.0115407,	0.00427138
0.0116749,	-0.00844886
0.0116749,	0.00844886
0.0136025,	-0.00209755
0.0136025,	0.00209755
0.0143956,	0.0110015
0.0143956,	-0.0110015
0.0157968,	-0.0132915
0.0157968,	0.0132915
0.0166798,	-0.0149793
0.0166798,	0.0149793
0.0173375,	-0.016308
0.0173375,	0.016308
0.0178659,	0.017404
0.0178659,	-0.017404
0.0179933,	0.00292115
0.0179933,	-0.00292115
0.0183092,	-0.018337
0.0183092,	0.018337
0.018692,	0.0191494
0.018692,	-0.0191494
0.0188264,	-0.005377
0.0188264,	0.005377
0.0188594,	0
0.0198221,	-0.00467023
0.0198221,	0.00467023
0.0201972,	0.00484593
0.0201972,	-0.00484593
0.0204422,	-0.00550519
0.0204422,	0.00550519
0.0205776,	-0.00589664
0.0205776,	0.00589664
0.0206165,	0.00348855
0.0206165,	-0.00348855
0.0206551,	0.00622477
0.0206551,	-0.00622477
0.0207178,	-0.00649597
0.0207178,	0.00649597
0.0213255,	0.00338428
0.0213255,	-0.00338428
0.0220156,	-0.00317726
0.0220156,	0.00317726
0.0224513,	0.00306073
0.0224513,	-0.00306073
0.0228406,	-0.0029266
0.0228406,	0.0029266
1,	0
1,	-1.66718e-15
1,	1.66718e-15
1,	0
1,	0
1,	0
1,	-1.44619e-14
1,	1.44619e-14
1,	-1.3552e-14
1,	1.3552e-14
1,	-5.79766e-15
1,	5.79766e-15
1,	0
