-9.68202e-07,	0.000155651
-9.68202e-07,	-0.000155651
1.65589e-05,	-0.000160221
1.65589e-05,	0.000160221
2.73573e-05,	1.73826e-05
2.73573e-05,	-1.73826e-05
3.1029e-05,	5.17445e-05
3.1029e-05,	-5.17445e-05
5.68025e-05,	-0.000156335
5.68025e-05,	0.000156335
5.78356e-05,	0.00017332
5.78356e-05,	-0.00017332
0.000219951,	0.000414204
0.000219951,	-0.000414204
0.000238286,	0.000439175
0.000238286,	-0.000439175
0.000258912,	-0.000368139
0.000258912,	0.000368139
0.00026707,	-0.000444304
0.00026707,	0.000444304
0.00028838,	0.000423063
0.00028838,	-0.000423063
0.000300085,	-0.000109239
0.000300085,	0.000109239
0.000465412,	0.000476044
0.000465412,	-0.000476044
0.000501027,	0.000506748
0.000501027,	-0.000506748
0.0005462,	-0.000458976
0.0005462,	0.000458976
0.000867216,	0.000541816
0.000867216,	-0.000541816
0.00090629,	-0.000691719
0.00090629,	0.000691719
0.000947139,	0.000774348
0.000947139,	-0.000774348
0.000986722,	-0.000834168
0.000986722,	0.000834168
0.00102467,	-0.000880203
0.00102467,	0.000880203
0.00106042,	-0.000916173
0.00106042,	0.000916173
0.00109365,	0.000944126
0.00109365,	-0.000944126
0.00112429,	0.000965235
0.00112429,	-0.000965235
0.00114216,	0
0.00115197,	0.000980054
0.00115197,	-0.000980054
0.00117544,	0.000988903
0.00117544,	-0.000988903
0.00118905,	-0.000988539
0.00118905,	0.000988539
0.00119863,	0.000554581
0.00119863,	-0.000554581
0.00120188,	-0.000970466
0.00120188,	0.000970466
0.00121621,	0.000943688
0.00121621,	-0.000943688
0.00122587,	-0.000644472
0.00122587,	0.000644472
0.00122726,	0.000243918
0.00122726,	-0.000243918
0.00122945,	-0.00090868
0.00122945,	0.00090868
0.0012399,	-0.000864225
0.0012399,	0.000864225
0.00124585,	-0.000807477
0.00124585,	0.000807477
0.00124605,	0.000737595
0.00124605,	-0.000737595
0.00129218,	0.000389254
0.00129218,	-0.000389254
0.00133139,	0.000259314
0.00133139,	-0.000259314
0.00138745,	-0.000186892
0.00138745,	0.000186892
0.00139606,	-0.000256852
0.00139606,	0.000256852
0.00140367,	-0.000223287
0.00140367,	0.000223287
1,	0
1,	0
1,	-2.59065e-15
1,	2.59065e-15
1,	-1.14703e-14
1,	1.14703e-14
1,	0
1,	0
1,	6.89501e-15
1,	-6.89501e-15
1,	1.51618e-14
1,	-1.51618e-14
1,	0
1,	-1.35081e-14
1,	1.35081e-14
1,	-3.87625e-15
1,	3.87625e-15
1,	0
1,	0
