-0.00021171,	0
-0.00020166,	8.19836e-06
-0.00020166,	-8.19836e-06
-0.000194948,	0
-0.000154032,	0
-9.79482e-05,	-3.73448e-05
-9.79482e-05,	3.73448e-05
-1.71455e-05,	0.000104727
-1.71455e-05,	-0.000104727
8.59391e-05,	-8.45804e-05
8.59391e-05,	8.45804e-05
0.000123122,	-0.000532367
0.000123122,	0.000532367
0.000127806,	0.000550437
0.000127806,	-0.000550437
0.000129724,	0.000504137
0.000129724,	-0.000504137
0.000166823,	-0.000499938
0.000166823,	0.000499938
0.000266668,	0.000511693
0.000266668,	-0.000511693
0.00031476,	0.000328189
0.00031476,	-0.000328189
0.00050156,	-0.000714351
0.00050156,	0.000714351
0.000536372,	-0.000828267
0.000536372,	0.000828267
0.000571327,	0.000910625
0.000571327,	-0.000910625
0.000601776,	-0.000212297
0.000601776,	0.000212297
0.000604757,	0.000975679
0.000604757,	-0.000975679
0.000635847,	-0.00102939
0.000635847,	0.00102939
0.000664989,	0.0010753
0.000664989,	-0.0010753
0.000693254,	-0.00111466
0.000693254,	0.00111466
0.000720816,	-0.00114729
0.000720816,	0.00114729
0.000746935,	0.00117291
0.000746935,	-0.00117291
0.000770271,	0.00119132
0.000770271,	-0.00119132
0.000786907,	0.00120126
0.000786907,	-0.00120126
0.00080162,	-0.00119255
0.00080162,	0.00119255
0.000822019,	-0.00117457
0.000822019,	0.00117457
0.000844178,	0.00114968
0.000844178,	-0.00114968
0.000867039,	-0.00111803
0.000867039,	0.00111803
0.000890031,	-0.00107933
0.000890031,	0.00107933
0.00089272,	-0.000628335
0.00089272,	0.000628335
0.000912666,	0.00103269
0.000912666,	-0.00103269
0.000934069,	0.00097631
0.000934069,	-0.00097631
0.000951501,	-0.000907575
0.000951501,	0.000907575
0.000961005,	0.000824924
0.000961005,	-0.000824924
0.00100781,	0.000171765
0.00100781,	-0.000171765
0.00126225,	-0.000173011
0.00126225,	0.000173011
0.00127879,	0
0.0012955,	0.000123521
0.0012955,	-0.000123521
0.00139308,	0.000164079
0.00139308,	-0.000164079
0.00140348,	0.000124828
0.00140348,	-0.000124828
0.00142216,	0.000151511
0.00142216,	-0.000151511
0.0014325,	0
0.00144553,	0
0.99804,	0
1,	0
1,	0
1,	0
1,	-3.96429e-16
1,	3.96429e-16
1,	0
1,	-1.75542e-15
1,	1.75542e-15
1,	0
1,	1.4109e-15
1,	-1.4109e-15
1,	-1.08176e-15
1,	0
1,	1.08176e-15
1,	0
1,	0
1,	0
