0.0282399,	0
0.032169,	0
0.0503028,	-0.0129312
0.0503028,	0.0129312
0.0640459,	0.0468989
0.0640459,	-0.0468989
0.0679224,	0
0.0901894,	0
0.0908324,	-0.0362889
0.0908324,	0.0362889
0.114523,	-0.0266173
0.114523,	0.0266173
0.138644,	0.0533016
0.138644,	-0.0533016
0.140475,	0
0.150881,	-0.128228
0.150881,	0.128228
0.153631,	0.0595826
0.153631,	-0.0595826
0.164716,	0.170272
0.164716,	-0.170272
0.181982,	0.0498878
0.181982,	-0.0498878
0.191788,	0.0401786
0.191788,	-0.0401786
0.240592,	0.0297427
0.240592,	-0.0297427
0.254276,	0.0138696
0.254276,	-0.0138696
0.271924,	-0.023182
0.271924,	0.023182
0.280684,	0.0328288
0.280684,	-0.0328288
0.289387,	0.0358157
0.289387,	-0.0358157
0.294157,	-0.0209835
0.294157,	0.0209835
1,	0
1,	0
1,	0
