0.000508102,	0
0.000525197,	0
0.00113986,	0.000127897
0.00113986,	-0.000127897
0.00135293,	0.000486
0.00135293,	-0.000486
0.00152041,	-0.000711248
0.00152041,	0.000711248
0.00179757,	0.00057507
0.00179757,	-0.00057507
0.00247622,	0.00151687
0.00247622,	-0.00151687
0.00252685,	-0.00127009
0.00252685,	0.00127009
0.00261798,	-0.00171473
0.00261798,	0.00171473
0.00273331,	0.000656903
0.00273331,	-0.000656903
0.0027816,	0.00181274
0.0027816,	-0.00181274
0.00294968,	-0.00183299
0.00294968,	0.00183299
0.00313426,	0.00176823
0.00313426,	-0.00176823
0.00373715,	-0.000340564
0.00373715,	0.000340564
0.00425512,	4.78819e-05
0.00425512,	-4.78819e-05
0.00460757,	0.000512564
0.00460757,	-0.000512564
0.00468455,	0.000565371
0.00468455,	-0.000565371
0.0047183,	0.000352277
0.0047183,	-0.000352277
1,	0
1,	0
1,	0
1,	0
1,	-1.60887e-15
1,	1.60887e-15
1,	0
