-0.00587228,	0
-0.00483456,	0
-0.00300244,	0
-0.00217684,	0.00669332
-0.00217684,	-0.00669332
-0.00175833,	0
-0.00151808,	-0.00750751
-0.00151808,	0.00750751
0.000143988,	-0.0087168
0.000143988,	0.0087168
0.000292899,	0
0.00203197,	0.00521258
0.00203197,	-0.00521258
0.00287961,	0
0.00328803,	0.0102473
0.00328803,	-0.0102473
0.00514772,	-0.0102635
0.00514772,	0.0102635
0.00814995,	0.00574491
0.00814995,	-0.00574491
0.00895728,	-0.0271954
0.00895728,	0.0271954
0.0133644,	-0.0268596
0.0133644,	0.0268596
0.0153408,	-0.0114468
0.0153408,	0.0114468
0.0182897,	-0.0253388
0.0182897,	0.0253388
0.0246251,	0.00621594
0.0246251,	-0.00621594
0.02485,	0.0202431
0.02485,	-0.0202431
0.0269694,	0.0310484
0.0269694,	-0.0310484
0.0287896,	0.018025
0.0287896,	-0.018025
0.0293639,	-0.0292712
0.0293639,	0.0292712
0.0328754,	0.0266581
0.0328754,	-0.0266581
0.0361029,	-0.0247852
0.0361029,	0.0247852
0.0371827,	-0.0246353
0.0371827,	0.0246353
0.0387159,	-0.0231075
0.0387159,	0.0231075
0.0439935,	-0.0197154
0.0439935,	0.0197154
0.0478883,	0.0168259
0.0478883,	-0.0168259
0.0493563,	-0.0541007
0.0493563,	0.0541007
0.0516986,	0.0139587
0.0516986,	-0.0139587
0.0565782,	0.067893
0.0565782,	-0.067893
0.0606408,	-0.0772994
0.0606408,	0.0772994
0.0633611,	0.0844594
0.0633611,	-0.0844594
0.0634912,	-0.0115436
0.0634912,	0.0115436
0.0648082,	-0.018651
0.0648082,	0.018651
0.065821,	-0.0173475
0.065821,	0.0173475
0.0707128,	-0.0119855
0.0707128,	0.0119855
0.0746136,	0.00912999
0.0746136,	-0.00912999
0.0746584,	-0.014085
0.0746584,	0.014085
0.0762611,	0.0182007
0.0762611,	-0.0182007
0.0764101,	-0.0221865
0.0764101,	0.0221865
0.0765044,	-0.020612
0.0765044,	0.020612
0.0771448,	0.00467342
0.0771448,	-0.00467342
0.0773229,	0.00816736
0.0773229,	-0.00816736
0.0788718,	0
0.0801246,	-0.0145871
0.0801246,	0.0145871
0.0813053,	0
0.0825969,	0
0.0843731,	-0.0151335
0.0843731,	0.0151335
0.0876753,	0.0153836
0.0876753,	-0.0153836
1,	0
1,	3.07474e-15
1,	-3.07474e-15
1,	0
1,	-3.5795e-15
1,	3.5795e-15
1,	-2.12833e-15
1,	2.12833e-15
1,	0
