0.00771689,	0
0.00775747,	0
0.0247946,	0
0.0264735,	0
0.0434271,	0
0.0470615,	0.0428365
0.0470615,	-0.0428365
0.0479619,	-0.0427609
0.0479619,	0.0427609
0.0547027,	-0.00806766
0.0547027,	0.00806766
0.0773175,	0.0435782
0.0773175,	-0.0435782
0.0838658,	-0.0605145
0.0838658,	0.0605145
0.0854494,	-0.00866186
0.0854494,	0.00866186
0.0874063,	0.0352283
0.0874063,	-0.0352283
0.133451,	0.0198999
0.133451,	-0.0198999
0.134937,	0.138945
0.134937,	-0.138945
0.143191,	0.0416755
0.143191,	-0.0416755
0.144995,	0.187305
0.144995,	-0.187305
0.155857,	-0.01821
0.155857,	0.01821
0.164426,	0.0476998
0.164426,	-0.0476998
0.185696,	0.0671475
0.185696,	-0.0671475
0.211628,	0
0.222809,	-0.0253556
0.222809,	0.0253556
0.229777,	0
0.245899,	0
0.262414,	0.0263902
0.262414,	-0.0263902
0.263784,	-0.0197172
0.263784,	0.0197172
0.263933,	-0.0329931
0.263933,	0.0329931
0.269025,	-0.0330849
0.269025,	0.0330849
0.272865,	0.0158165
0.272865,	-0.0158165
0.273163,	0
0.28582,	0.0211361
0.28582,	-0.0211361
1,	0
1,	0
1,	0
1,	0
