0.000530484,	0
0.000576802,	0
0.000877791,	0
0.00127686,	3.03888e-05
0.00127686,	-3.03888e-05
0.00142635,	0.000262549
0.00142635,	-0.000262549
0.00163953,	0.000439816
0.00163953,	-0.000439816
0.00186839,	0.000560654
0.00186839,	-0.000560654
0.00218587,	0
0.0028011,	0
0.00285973,	0
0.0034216,	0
0.00390821,	0
0.00429409,	0
0.00480831,	0
0.00572319,	0
0.00575907,	0
0.0070455,	0
0.00719268,	9.2475e-05
0.00719268,	-9.2475e-05
0.00787764,	-0.00048672
0.00787764,	0.00048672
0.00802327,	-0.000325459
0.00802327,	0.000325459
0.00808764,	0.000155813
0.00808764,	-0.000155813
0.00810276,	0
1,	0
1,	0
1,	0
1,	-1.37579e-15
1,	1.37579e-15
1,	0
