-0.000364859,	0
-0.000338612,	0
-0.000177302,	0
-0.000126268,	0.00042699
-0.000126268,	-0.00042699
-5.29817e-05,	-0.000462126
-5.29817e-05,	0.000462126
5.26474e-05,	0
7.09165e-05,	-0.000525502
7.09165e-05,	0.000525502
0.000197035,	0
0.000233764,	0.00055188
0.000233764,	-0.00055188
0.000662349,	-0.00172799
0.000662349,	0.00172799
0.000736739,	-0.00173439
0.000736739,	0.00173439
0.000754119,	-0.00171045
0.000754119,	0.00171045
0.000903776,	-0.00177993
0.000903776,	0.00177993
0.00103686,	0.00168071
0.00103686,	-0.00168071
0.00116647,	0
0.00129039,	-0.00148869
0.00129039,	0.00148869
0.00171521,	-0.00189337
0.00171521,	0.00189337
0.00182123,	0.00187118
0.00182123,	-0.00187118
0.00217896,	-0.00157849
0.00217896,	0.00157849
0.00252549,	-0.000745309
0.00252549,	0.000745309
0.00287592,	-0.0019757
0.00287592,	0.0019757
0.0030615,	0.00237304
0.0030615,	-0.00237304
0.00322638,	0.00266905
0.00322638,	-0.00266905
0.00335769,	0.00293759
0.00335769,	-0.00293759
0.00346413,	0.00317904
0.00346413,	-0.00317904
0.00355202,	-0.00339599
0.00355202,	0.00339599
0.00362637,	-0.00359227
0.00362637,	0.00359227
0.00369061,	0.00377126
0.00369061,	-0.00377126
0.00374704,	-0.00393573
0.00374704,	0.00393573
0.00379731,	-0.00408787
0.00379731,	0.00408787
0.00384256,	-0.00422943
0.00384256,	0.00422943
0.00388367,	-0.00436181
0.00388367,	0.00436181
0.00392128,	0.00448614
0.00392128,	-0.00448614
0.00395592,	-0.00460334
0.00395592,	0.00460334
0.00398797,	-0.00471417
0.00398797,	0.00471417
0.00406535,	0.00105567
0.00406535,	-0.00105567
0.00418678,	0
0.00473526,	-0.00119457
0.00473526,	0.00119457
0.00477943,	0.00137038
0.00477943,	-0.00137038
0.00483806,	-0.000403644
0.00483806,	0.000403644
0.00510883,	-0.000890196
0.00510883,	0.000890196
0.00510893,	-6.56826e-06
0.00510893,	6.56826e-06
0.00518327,	-0.000979446
0.00518327,	0.000979446
0.00531278,	-0.00101903
0.00531278,	0.00101903
0.00533495,	0.000945351
0.00533495,	-0.000945351
0.00537647,	0.000986373
0.00537647,	-0.000986373
1,	0
1,	0
1,	0
1,	0
1,	0
1,	1.2757e-15
1,	-1.2757e-15
1,	0
1,	0
1,	1.14607e-15
1,	-1.14607e-15
1,	0
1,	0
1,	0
1,	0
