0.000128457,	0
0.000158594,	0
0.000191029,	0
0.000228069,	0
0.000272464,	0
0.000329532,	0
0.000406792,	0
0.000525363,	0
0.000757929,	-0.000667623
0.000757929,	0.000667623
0.000800796,	-0.000673625
0.000800796,	0.000673625
0.00086248,	0.000155063
0.00086248,	-0.000155063
0.000920808,	0.00066026
0.000920808,	-0.00066026
0.00118513,	-0.000471656
0.00118513,	0.000471656
0.0013798,	-0.000812067
0.0013798,	0.000812067
0.00141378,	-0.00091584
0.00141378,	0.00091584
0.00149022,	-0.000743708
0.00149022,	0.000743708
0.00219167,	-6.23698e-05
0.00219167,	6.23698e-05
0.00244142,	-0.00113854
0.00244142,	0.00113854
0.00245041,	-0.00138726
0.00245041,	0.00138726
0.00249395,	0.00157433
0.00249395,	-0.00157433
0.00251471,	0.0017116
0.00251471,	-0.0017116
0.00252082,	-0.00178392
0.00252082,	0.00178392
0.00252171,	0.0018572
0.00252171,	-0.0018572
0.0025254,	0.00192511
0.0025254,	-0.00192511
0.00252983,	-0.00198933
0.00252983,	0.00198933
0.00253512,	-0.00205031
0.00253512,	0.00205031
0.00254689,	-0.00160424
0.00254689,	0.00160424
0.00263698,	-0.00139267
0.00263698,	0.00139267
0.0027717,	-0.000904445
0.0027717,	0.000904445
0.00284426,	-0.000932095
0.00284426,	0.000932095
0.00330243,	0
0.00349569,	0.000280224
0.00349569,	-0.000280224
0.00381725,	0
0.00410881,	0.000566244
0.00410881,	-0.000566244
0.00411466,	-0.000426757
0.00411466,	0.000426757
0.00419513,	-0.000495039
0.00419513,	0.000495039
0.00422742,	-0.00010856
0.00422742,	0.00010856
0.004235,	0.000263731
0.004235,	-0.000263731
0.00430196,	-0.000317499
0.00430196,	0.000317499
0.00438509,	-0.000328869
0.00438509,	0.000328869
0.00442886,	0.000328913
0.00442886,	-0.000328913
1,	0
1,	0
1,	0
1,	0
1,	0
1,	0
1,	0
1,	0
1,	0
1,	0
1,	0
1,	0
1,	0
1,	0
