0.00211895,	0
0.00220489,	0
0.00349517,	0
0.00467629,	-0.000270551
0.00467629,	0.000270551
0.00523364,	-0.00092184
0.00523364,	0.00092184
0.00625466,	0.00139024
0.00625466,	-0.00139024
0.00691972,	0
0.00871305,	0
0.0103161,	0
0.0114535,	0
0.0120015,	0
0.0136295,	0
0.0155326,	0
0.016796,	0
0.0190987,	0
0.0224972,	0
0.0227432,	0
0.0273861,	-0.000300701
0.0273861,	0.000300701
0.0284539,	9.98628e-05
0.0284539,	-9.98628e-05
0.0315892,	0.000955182
0.0315892,	-0.000955182
0.0320702,	0.000591159
0.0320702,	-0.000591159
0.0322458,	-0.000190867
0.0322458,	0.000190867
1,	0
1,	0
1,	0
1,	-1.15761e-15
1,	1.15761e-15
