0.00210829,	0
0.00293922,	0
0.00495916,	0
0.00623296,	-0.00131564
0.00623296,	0.00131564
0.00634893,	0.00294404
0.00634893,	-0.00294404
0.0066055,	-0.00398268
0.0066055,	0.00398268
0.0100109,	-0.00399379
0.0100109,	0.00399379
0.0100379,	0.00663201
0.0100379,	-0.00663201
0.0106177,	0.0074418
0.0106177,	-0.0074418
0.0107578,	-0.0034717
0.0107578,	0.0034717
0.0111609,	-0.00791173
0.0111609,	0.00791173
0.0111776,	0.00762365
0.0111776,	-0.00762365
0.0129581,	0
0.0156736,	-0.00130981
0.0156736,	0.00130981
0.0176762,	0
0.0186225,	0.00207173
0.0186225,	-0.00207173
0.0189739,	0.00156013
0.0189739,	-0.00156013
0.0189821,	0.00238957
0.0189821,	-0.00238957
0.99434,	0
1,	0
1,	0
1,	0
1,	0
1,	0
