0.00209952,	0
0.00335536,	0
0.00439253,	0
0.00445852,	0
0.00533862,	0
0.00558239,	-0.000616025
0.00558239,	0.000616025
0.00629655,	-0.00128203
0.00629655,	0.00128203
0.0081163,	0
0.00969849,	0
0.0118292,	0
0.0125935,	0
0.0155954,	0
0.0164205,	0
0.0178485,	0
0.0201652,	0
0.0227188,	0
0.0248765,	0
0.0279782,	0
0.0282003,	0
0.0308878,	2.52704e-05
0.0308878,	-2.52704e-05
0.0331146,	-0.000127767
0.0331146,	0.000127767
0.034413,	0.000266662
0.034413,	-0.000266662
0.0344494,	0
1,	0
1,	0
1,	-2.71494e-15
1,	2.71494e-15
1,	0
