-0.000722266,	0
-0.000543505,	0.00198136
-0.000543505,	-0.00198136
-0.000371668,	0
-0.000337874,	-0.00211511
-0.000337874,	0.00211511
-0.000124036,	0
0.000189163,	0
0.000359686,	-0.0025775
0.000359686,	0.0025775
0.000561699,	0.00221773
0.000561699,	-0.00221773
0.000569679,	0
0.00151851,	-0.00199749
0.00151851,	0.00199749
0.00233787,	-0.001694
0.00233787,	0.001694
0.0030324,	-0.00668951
0.0030324,	0.00668951
0.00347534,	-0.00657694
0.00347534,	0.00657694
0.00395691,	-0.00641833
0.00395691,	0.00641833
0.00454114,	-0.00621085
0.00454114,	0.00621085
0.00531785,	-0.00598599
0.00531785,	0.00598599
0.00720148,	0.00269954
0.00720148,	-0.00269954
0.00732622,	-0.00810218
0.00732622,	0.00810218
0.0076128,	0.00791575
0.0076128,	-0.00791575
0.00792162,	0.00765368
0.00792162,	-0.00765368
0.00834362,	-0.00733917
0.00834362,	0.00733917
0.00923567,	0.00659509
0.00923567,	-0.00659509
0.0101765,	0.00524521
0.0101765,	-0.00524521
0.0116482,	0.00891793
0.0116482,	-0.00891793
0.0124291,	0.00400871
0.0124291,	-0.00400871
0.0135165,	0
0.0137927,	0.0114956
0.0137927,	-0.0114956
0.0150985,	-0.0136229
0.0150985,	0.0136229
0.0159429,	-0.015253
0.0159429,	0.015253
0.0165684,	0.0165548
0.0165684,	-0.0165548
0.017067,	-0.0176364
0.017067,	0.0176364
0.0174822,	0.0185615
0.0174822,	-0.0185615
0.0174837,	0
0.0178382,	0.01937
0.0178382,	-0.01937
0.0180422,	0.00436785
0.0180422,	-0.00436785
0.0181932,	-0.00533604
0.0181932,	0.00533604
0.0183895,	0.00266071
0.0183895,	-0.00266071
0.019815,	-0.0030261
0.019815,	0.0030261
0.0199161,	0.00511402
0.0199161,	-0.00511402
0.0200629,	0.00390434
0.0200629,	-0.00390434
0.0201589,	0.00572644
0.0201589,	-0.00572644
0.0202228,	0.00604969
0.0202228,	-0.00604969
0.0202571,	0.00631574
0.0202571,	-0.00631574
0.021193,	-0.00354795
0.021193,	0.00354795
0.0216501,	-0.00347674
0.0216501,	0.00347674
0.0220907,	-0.00341844
0.0220907,	0.00341844
0.0224748,	-0.00335733
0.0224748,	0.00335733
0.67545,	0
1,	0
1,	0
1,	0
1,	0
1,	-2.96348e-15
1,	2.96348e-15
1,	3.02943e-15
1,	-3.02943e-15
1,	0
1,	0
1,	0
1,	0
