-8.5931e-05,	-0.00995871
-8.5931e-05,	0.00995871
0.00176268,	-0.00108833
0.00176268,	0.00108833
0.00177406,	0.00826333
0.00177406,	-0.00826333
0.00256048,	0.010786
0.00256048,	-0.010786
0.00284452,	-0.00469836
0.00284452,	0.00469836
0.00353942,	-0.00403713
0.00353942,	0.00403713
0.00355397,	-0.0111089
0.00355397,	0.0111089
0.00378409,	0.00951951
0.00378409,	-0.00951951
0.00776639,	0.012054
0.00776639,	-0.012054
0.01002,	0.0114417
0.01002,	-0.0114417
0.0120977,	-0.0260446
0.0120977,	0.0260446
0.0149897,	-0.00943545
0.0149897,	0.00943545
0.0157304,	0.0249545
0.0157304,	-0.0249545
0.0204712,	0.0228433
0.0204712,	-0.0228433
0.0225161,	0.0140414
0.0225161,	-0.0140414
0.0265971,	0.0186078
0.0265971,	-0.0186078
0.0298675,	-0.0333363
0.0298675,	0.0333363
0.0322349,	-0.0318014
0.0322349,	0.0318014
0.0356886,	-0.0293858
0.0356886,	0.0293858
0.0377289,	0.0263503
0.0377289,	-0.0263503
0.0389244,	-0.0247743
0.0389244,	0.0247743
0.0400147,	0.0224407
0.0400147,	-0.0224407
0.0423024,	0.0236761
0.0423024,	-0.0236761
0.0455492,	-0.0124625
0.0455492,	0.0124625
0.0511036,	0.0158853
0.0511036,	-0.0158853
0.0560433,	-0.0484437
0.0560433,	0.0484437
0.0580959,	-0.00744832
0.0580959,	0.00744832
0.0659488,	0.0634805
0.0659488,	-0.0634805
0.0710329,	0.0728258
0.0710329,	-0.0728258
0.0715549,	0.00949176
0.0715549,	-0.00949176
0.0739061,	0.0178491
0.0739061,	-0.0178491
0.0745215,	-0.0795609
0.0745215,	0.0795609
0.0749429,	0.01422
0.0749429,	-0.01422
0.075199,	0.0195813
0.075199,	-0.0195813
0.0752332,	-0.021986
0.0752332,	0.021986
0.0788534,	0.00940151
0.0788534,	-0.00940151
0.0799683,	-0.0125617
0.0799683,	0.0125617
0.0803452,	-0.0159837
0.0803452,	0.0159837
0.0806372,	-0.0186812
0.0806372,	0.0186812
0.0814592,	-0.0206302
0.0814592,	0.0206302
0.0823698,	0.0237572
0.0823698,	-0.0237572
0.08292,	-0.0260463
0.08292,	0.0260463
0.0841482,	0.0135573
0.0841482,	-0.0135573
0.0886364,	-0.0123428
0.0886364,	0.0123428
0.0919465,	0.0111705
0.0919465,	-0.0111705
1,	0
1,	0
1,	-3.87943e-15
1,	3.87943e-15
1,	-2.29659e-14
1,	2.29659e-14
1,	-2.12519e-14
1,	2.12519e-14
1,	9.82971e-15
1,	-9.82971e-15
