0.00809122,	0
0.00836057,	0
0.0185984,	0
0.0193653,	0
0.0221239,	-0.00645899
0.0221239,	0.00645899
0.0229065,	-0.0131214
0.0229065,	0.0131214
0.0229103,	0
0.0256444,	-0.0113274
0.0256444,	0.0113274
0.035592,	-0.010195
0.035592,	0.010195
0.0397001,	-0.0280405
0.0397001,	0.0280405
0.0416959,	-0.0337196
0.0416959,	0.0337196
0.042194,	0.00820145
0.042194,	-0.00820145
0.0435621,	0.0374272
0.0435621,	-0.0374272
0.0448192,	-0.0134823
0.0448192,	0.0134823
0.0578439,	-0.00628415
0.0578439,	0.00628415
0.0637669,	-0.00417216
0.0637669,	0.00417216
0.0723907,	0.00498111
0.0723907,	-0.00498111
0.0732658,	-0.00928665
0.0732658,	0.00928665
0.075383,	-0.00935495
0.075383,	0.00935495
0.0758953,	0.0057895
0.0758953,	-0.0057895
0.971743,	0
1,	0
1,	0
1,	0
1,	0
