-0.0116456,	0
-0.00906057,	-0.0316445
-0.00906057,	0.0316445
-0.00537863,	0
0.00024017,	0
0.002101,	-0.0240062
0.002101,	0.0240062
0.00493287,	0
0.00518595,	-0.0423947
0.00518595,	0.0423947
0.00569385,	-0.0343275
0.00569385,	0.0343275
0.00802177,	0.0405408
0.00802177,	-0.0405408
0.0134743,	-0.0131275
0.0134743,	0.0131275
0.0147465,	-0.0226307
0.0147465,	0.0226307
0.0318424,	-0.0423529
0.0318424,	0.0423529
0.0344718,	0.047209
0.0344718,	-0.047209
0.035223,	0
0.0452039,	-0.106391
0.0452039,	0.106391
0.0509778,	-0.0451513
0.0509778,	0.0451513
0.0791079,	-0.0943028
0.0791079,	0.0943028
0.0807713,	-0.0292657
0.0807713,	0.0292657
0.103678,	0.0470603
0.103678,	-0.0470603
0.105363,	-0.0306898
0.105363,	0.0306898
0.116824,	0.132228
0.116824,	-0.132228
0.134766,	0
0.139991,	0.115519
0.139991,	-0.115519
0.148775,	0.105919
0.148775,	-0.105919
0.154672,	0.0928158
0.154672,	-0.0928158
0.157892,	-0.0933764
0.157892,	0.0933764
0.15873,	0.0542465
0.15873,	-0.0542465
0.165934,	0.0820494
0.165934,	-0.0820494
0.178125,	0.0651618
0.178125,	-0.0651618
0.195026,	-0.0560295
0.195026,	0.0560295
0.201865,	0.0580139
0.201865,	-0.0580139
0.202834,	0.042031
0.202834,	-0.042031
0.250249,	-0.0278922
0.250249,	0.0278922
0.250815,	0.266823
0.250815,	-0.266823
0.275605,	0.0291753
0.275605,	-0.0291753
0.281276,	-0.0123929
0.281276,	0.0123929
0.283995,	0.328557
0.283995,	-0.328557
0.284167,	0.0670223
0.284167,	-0.0670223
0.286757,	-0.0523731
0.286757,	0.0523731
0.290589,	0.0866346
0.290589,	-0.0866346
0.29117,	-0.0669211
0.29117,	0.0669211
0.296668,	-0.0478681
0.296668,	0.0478681
0.299947,	0.0403711
0.299947,	-0.0403711
0.313412,	-0.0405068
0.313412,	0.0405068
0.315122,	-0.0713254
0.315122,	0.0713254
0.315877,	0.0460152
0.315877,	-0.0460152
0.320228,	-0.0802508
0.320228,	0.0802508
0.324338,	0.101464
0.324338,	-0.101464
0.332806,	0.0562144
0.332806,	-0.0562144
0.363059,	-0.051277
0.363059,	0.051277
1,	0
1,	-5.47104e-14
1,	5.47104e-14
1,	0
1,	0
1,	0
