-0.0235084,	0
-0.0234944,	0
-0.0119508,	0
-0.0102503,	0
-0.00870745,	-0.0267723
-0.00870745,	0.0267723
-0.00837654,	0.0268999
-0.00837654,	-0.0268999
0.000468234,	-0.0350847
0.000468234,	0.0350847
0.00378249,	0
0.00669554,	0.0200445
0.00669554,	-0.0200445
0.00940666,	0
0.0132077,	0.0409225
0.0132077,	-0.0409225
0.0135279,	0.029088
0.0135279,	-0.029088
0.0327632,	0.0268159
0.0327632,	-0.0268159
0.0332675,	0.0397835
0.0332675,	-0.0397835
0.0346605,	0.108421
0.0346605,	-0.108421
0.0349836,	0
0.0567246,	0
0.0606349,	-0.0457036
0.0606349,	0.0457036
0.0720688,	-0.10121
0.0720688,	0.10121
0.0814997,	-0.0428521
0.0814997,	0.0428521
0.0963379,	0.0290607
0.0963379,	-0.0290607
0.107553,	0.125034
0.107553,	-0.125034
0.121107,	-0.0816845
0.121107,	0.0816845
0.128707,	-0.0551894
0.128707,	0.0551894
0.13142,	0.107371
0.13142,	-0.107371
0.145206,	-0.100397
0.145206,	0.100397
0.146803,	0.0832913
0.146803,	-0.0832913
0.152707,	-0.091855
0.152707,	0.091855
0.154531,	-0.0919126
0.154531,	0.0919126
0.171276,	0.0748729
0.171276,	-0.0748729
0.175626,	-0.0783567
0.175626,	0.0783567
0.190265,	-0.0629511
0.190265,	0.0629511
0.200559,	-0.0614666
0.200559,	0.0614666
0.20448,	-0.051236
0.20448,	0.051236
0.225193,	0.28007
0.225193,	-0.28007
0.233276,	-0.0230548
0.233276,	0.0230548
0.25312,	-0.344813
0.25312,	0.344813
0.259473,	-0.0747384
0.259473,	0.0747384
0.265369,	-0.0624814
0.265369,	0.0624814
0.267996,	-0.0356739
0.267996,	0.0356739
0.280275,	0.0280834
0.280275,	-0.0280834
0.287161,	0.0333913
0.287161,	-0.0333913
0.291462,	0
0.296418,	-0.0110952
0.296418,	0.0110952
0.297274,	0.0566909
0.297274,	-0.0566909
0.303335,	0
0.305066,	-0.073022
0.305066,	0.073022
0.305659,	-0.0889376
0.305659,	0.0889376
0.308899,	0.0335352
0.308899,	-0.0335352
0.321619,	0.0583371
0.321619,	-0.0583371
0.325462,	0
0.330602,	0
0.351925,	-0.0611903
0.351925,	0.0611903
1,	0
1,	-3.94715e-14
1,	3.94715e-14
1,	0
1,	0
1,	0
