0.000525197,	0
0.000840094,	0
0.00108494,	0
0.00127359,	0.000123691
0.00127359,	-0.000123691
0.00152694,	0.000394444
0.00152694,	-0.000394444
0.00174246,	0
0.00179841,	0.000581212
0.00179841,	-0.000581212
0.00233641,	0
0.00254423,	0
0.00295798,	0
0.00366383,	0
0.0040212,	0
0.0043907,	0
0.005049,	0
0.00569279,	0
0.00623144,	0
0.00707345,	0
0.00718176,	0
0.00773124,	0
0.00776936,	0
0.00831032,	3.01194e-05
0.00831032,	-3.01194e-05
0.00862789,	0
0.00862874,	-9.1822e-05
0.00862874,	9.1822e-05
1,	0
1,	0
1,	-9.67942e-15
1,	9.67942e-15
1,	0
1,	0
