-9.13992e-05,	0
-7.13894e-05,	0
-4.58707e-05,	0
-3.12284e-05,	0.000107156
-3.12284e-05,	-0.000107156
-9.26129e-06,	0.000122081
-9.26129e-06,	-0.000122081
1.81387e-05,	0
5.75047e-05,	0.000137565
5.75047e-05,	-0.000137565
0.000124376,	5.67908e-05
0.000124376,	-5.67908e-05
0.00017951,	0.000429589
0.00017951,	-0.000429589
0.000185037,	-0.00044852
0.000185037,	0.00044852
0.000196651,	-0.000407653
0.000196651,	0.000407653
0.000199463,	-0.000474261
0.000199463,	0.000474261
0.000251581,	-0.000455144
0.000251581,	0.000455144
0.000425689,	-0.000470392
0.000425689,	0.000470392
0.000492558,	-0.000451888
0.000492558,	0.000451888
0.000543866,	0
0.000692748,	0.000619715
0.000692748,	-0.000619715
0.000730739,	0.000704633
0.000730739,	-0.000704633
0.000761548,	-0.000776209
0.000761548,	0.000776209
0.000794623,	-0.000836964
0.000794623,	0.000836964
0.000829017,	0.000886807
0.000829017,	-0.000886807
0.000863207,	-0.000927225
0.000863207,	0.000927225
0.000896263,	-0.000959599
0.000896263,	0.000959599
0.000927454,	-0.000984856
0.000927454,	0.000984856
0.000939311,	0.000273468
0.000939311,	-0.000273468
0.000955768,	-0.00100365
0.000955768,	0.00100365
0.000979723,	0.0010172
0.000979723,	-0.0010172
0.000998828,	-0.00102727
0.000998828,	0.00102727
0.00100552,	0.00103412
0.00100552,	-0.00103412
0.00101757,	0.0010145
0.00101757,	-0.0010145
0.00103492,	0.000990597
0.00103492,	-0.000990597
0.00105291,	-0.000959633
0.00105291,	0.000959633
0.00107052,	0.000921048
0.00107052,	-0.000921048
0.00107556,	0.000648175
0.00107556,	-0.000648175
0.00108636,	-0.000873304
0.00108636,	0.000873304
0.00109742,	-0.000814418
0.00109742,	0.000814418
0.00109842,	-0.00074241
0.00109842,	0.00074241
0.0011853,	-0.00027495
0.0011853,	0.00027495
0.00123959,	-6.69224e-05
0.00123959,	6.69224e-05
0.00127861,	-0.000234424
0.00127861,	0.000234424
0.00128608,	0
0.00132384,	-0.000255586
0.00132384,	0.000255586
0.00132966,	0.00026406
0.00132966,	-0.00026406
0.00133443,	-0.000230057
0.00133443,	0.000230057
1,	0
1,	0
1,	0
1,	0
1,	0
1,	0
1,	0
1,	0
1,	1.4833e-15
1,	-1.4833e-15
1,	0
1,	-7.34344e-16
1,	7.34344e-16
1,	0
1,	0
1,	0
1,	0
1,	0
