-4.19786e-05,	0
-3.1273e-05,	-0.000127
-3.1273e-05,	0.000127
-2.14992e-05,	0
-1.23121e-05,	0
5.32985e-06,	0.000139174
5.32985e-06,	-0.000139174
2.32301e-05,	0
4.18535e-05,	0.000160663
4.18535e-05,	-0.000160663
6.73309e-05,	4.07048e-05
6.73309e-05,	-4.07048e-05
0.00021354,	0.000411459
0.00021354,	-0.000411459
0.000219851,	-0.000438395
0.000219851,	0.000438395
0.000243312,	0.000392803
0.000243312,	-0.000392803
0.000251184,	0
0.00026851,	-0.000445878
0.00026851,	0.000445878
0.000312397,	-0.00031916
0.000312397,	0.00031916
0.000468278,	-0.000492065
0.000468278,	0.000492065
0.000479255,	-0.000493201
0.000479255,	0.000493201
0.0005657,	-0.000406293
0.0005657,	0.000406293
0.000802578,	-0.000590105
0.000802578,	0.000590105
0.00085416,	0.000699169
0.00085416,	-0.000699169
0.00089521,	-0.00077398
0.00089521,	0.00077398
0.000903502,	-0.000337504
0.000903502,	0.000337504
0.000932401,	0.000830811
0.000932401,	-0.000830811
0.000967278,	-0.000875859
0.000967278,	0.000875859
0.00100046,	0.000912227
0.00100046,	-0.000912227
0.00103222,	0.000941419
0.00103222,	-0.000941419
0.0010623,	0.000964112
0.0010623,	-0.000964112
0.00109001,	-0.000980758
0.00109001,	0.000980758
0.00111423,	0.000991804
0.00111423,	-0.000991804
0.00113105,	-0.000997934
0.00113105,	0.000997934
0.00113159,	0
0.00114077,	-0.000986527
0.00114077,	0.000986527
0.00115498,	-0.000964781
0.00115498,	0.000964781
0.0011696,	-0.000935888
0.0011696,	0.000935888
0.00117505,	0.000642097
0.00117505,	-0.000642097
0.00118343,	-0.000899621
0.00118343,	0.000899621
0.00119497,	0.00085497
0.00119497,	-0.00085497
0.00119955,	0.000734289
0.00119955,	-0.000734289
0.00120171,	0.000800651
0.00120171,	-0.000800651
0.00124602,	0.000236987
0.00124602,	-0.000236987
0.00126173,	-0.000374373
0.00126173,	0.000374373
0.00135197,	0.00020074
0.00135197,	-0.00020074
0.00137141,	-0.000266794
0.00137141,	0.000266794
0.00137642,	0.000220418
0.00137642,	-0.000220418
0.00138086,	0.000232345
0.00138086,	-0.000232345
1,	0
1,	0
1,	0
1,	0
1,	0
1,	0
1,	0
1,	0
1,	0
1,	4.28192e-15
1,	-4.28192e-15
1,	2.78664e-15
1,	-2.78664e-15
1,	0
1,	0
1,	0
1,	0
1,	0
