-0.0037976,	0
-0.00327794,	0
-0.00261049,	0
-0.00255781,	0
-0.00198377,	-0.000349473
-0.00198377,	0.000349473
-0.00138863,	0
-0.000733933,	0
-0.000447153,	0.00160074
-0.000447153,	-0.00160074
0.000178586,	0.0019796
0.000178586,	-0.0019796
0.000771253,	-0.00223755
0.000771253,	0.00223755
0.00187014,	0.00853138
0.00187014,	-0.00853138
0.00203492,	-0.00843641
0.00203492,	0.00843641
0.00222293,	-0.0082891
0.00222293,	0.0082891
0.00245966,	-0.00809626
0.00245966,	0.00809626
0.00294305,	-0.00766399
0.00294305,	0.00766399
0.00345574,	-0.00702707
0.00345574,	0.00702707
0.00345786,	-0.00169603
0.00345786,	0.00169603
0.0040712,	0.00844852
0.0040712,	-0.00844852
0.00420115,	0.00812001
0.00420115,	-0.00812001
0.00422451,	0.00729307
0.00422451,	-0.00729307
0.004551,	0.00639369
0.004551,	-0.00639369
0.00639843,	0.00590973
0.00639843,	-0.00590973
0.00731496,	-0.00337477
0.00731496,	0.00337477
0.00784231,	-0.00471198
0.00784231,	0.00471198
0.00981003,	-0.0108665
0.00981003,	0.0108665
0.0108055,	-0.0143036
0.0108055,	0.0143036
0.0112217,	-0.00376361
0.0112217,	0.00376361
0.011534,	-0.0167215
0.011534,	0.0167215
0.0120049,	-0.0186339
0.0120049,	0.0186339
0.0122966,	0.0201917
0.0122966,	-0.0201917
0.0124734,	-0.0214649
0.0124734,	0.0214649
0.0125764,	0.0225096
0.0125764,	-0.0225096
0.0126324,	-0.0233746
0.0126324,	0.0233746
0.0129834,	0.00240981
0.0129834,	-0.00240981
0.015203,	-0.00273933
0.015203,	0.00273933
0.0157821,	-0.00298732
0.0157821,	0.00298732
0.0178131,	-0.00160425
0.0178131,	0.00160425
0.0194028,	-0.00243328
0.0194028,	0.00243328
0.0200118,	0.00260462
0.0200118,	-0.00260462
0.0203957,	-0.00262014
0.0203957,	0.00262014
0.0213664,	-0.00198336
0.0213664,	0.00198336
0.0213885,	0
0.0220902,	0.00226798
0.0220902,	-0.00226798
0.0224032,	-0.00187732
0.0224032,	0.00187732
0.0225416,	-0.00239599
0.0225416,	0.00239599
0.0227161,	0
0.0227353,	0.00231972
0.0227353,	-0.00231972
0.0230972,	0
0.0231769,	0
1,	0
1,	0
1,	0
1,	0
1,	-1.42178e-15
1,	1.42178e-15
1,	8.77708e-16
1,	-8.77708e-16
1,	0
1,	0
1,	-1.27192e-15
1,	1.27192e-15
