-0.00090936,	0
-0.000847544,	0
-0.00076884,	0
-0.000714287,	0
-0.000621859,	0
-0.000422232,	-3.16627e-05
-0.000422232,	3.16627e-05
-0.000100596,	0.000431997
-0.000100596,	-0.000431997
9.91676e-05,	-0.000520129
9.91676e-05,	0.000520129
0.000262901,	-0.000173594
0.000262901,	0.000173594
0.000497726,	-0.00215052
0.000497726,	0.00215052
0.000503994,	0.00211534
0.000503994,	-0.00211534
0.000542858,	-0.00215247
0.000542858,	0.00215247
0.0005859,	0.00202046
0.0005859,	-0.00202046
0.000746057,	-0.00184813
0.000746057,	0.00184813
0.00102295,	-0.00207809
0.00102295,	0.00207809
0.00104287,	-0.00193638
0.00104287,	0.00193638
0.00127555,	-0.00096362
0.00127555,	0.00096362
0.00134897,	0.00153349
0.00134897,	-0.00153349
0.00238325,	0.00136164
0.00238325,	-0.00136164
0.00256873,	0.00226793
0.00256873,	-0.00226793
0.00265748,	0.00272072
0.00265748,	-0.00272072
0.00275824,	-0.00309469
0.00275824,	0.00309469
0.00284741,	0.00341893
0.00284741,	-0.00341893
0.00292137,	-0.00370625
0.00292137,	0.00370625
0.00298063,	-0.00396445
0.00298063,	0.00396445
0.00302719,	0.00419805
0.00302719,	-0.00419805
0.00306332,	0.00440992
0.00306332,	-0.00440992
0.00309107,	0.00460221
0.00309107,	-0.00460221
0.00311213,	-0.00477681
0.00311213,	0.00477681
0.00312787,	0.00493545
0.00312787,	-0.00493545
0.00313934,	-0.00507973
0.00313934,	0.00507973
0.00314741,	-0.00521119
0.00314741,	0.00521119
0.00315278,	0.00533123
0.00315278,	-0.00533123
0.00315602,	-0.00544114
0.00315602,	0.00544114
0.0032567,	0.000275696
0.0032567,	-0.000275696
0.0039317,	0.000739786
0.0039317,	-0.000739786
0.0042694,	0
0.00455153,	0
0.00499351,	0.000723685
0.00499351,	-0.000723685
0.0051299,	0.000644764
0.0051299,	-0.000644764
0.00529418,	0
0.00552157,	0.000605935
0.00552157,	-0.000605935
0.00561132,	-0.00061464
0.00561132,	0.00061464
0.00564365,	0
0.00564544,	-0.000559669
0.00564544,	0.000559669
0.00567224,	-0.000566891
0.00567224,	0.000566891
0.00573311,	0
0.00579765,	0
1,	0
1,	0
1,	4.191e-16
1,	-4.191e-16
1,	-3.96429e-16
1,	3.96429e-16
1,	1.5263e-15
1,	-1.5263e-15
1,	0
1,	0
1,	0
1,	0
1,	0
1,	0
1,	0
