0.000130649,	0
0.00020057,	0
0.000255873,	0
0.000310195,	0
0.000354324,	7.39845e-05
0.000354324,	-7.39845e-05
0.00041498,	0.000147901
0.00041498,	-0.000147901
0.000492198,	0.000195543
0.000492198,	-0.000195543
0.000522224,	0
0.000642938,	0
0.000753662,	0
0.000943068,	0
0.00111096,	0
0.00121621,	0
0.0013628,	0
0.00147913,	0
0.00166681,	0
0.00176517,	0
0.00185752,	0
0.0019485,	0
0.00202686,	0
0.00207651,	0
0.00209516,	0
0.00216957,	0
0.00218842,	0
1,	0
1,	0
1,	0
1,	-1.29068e-14
1,	1.29068e-14
1,	5.66975e-15
1,	-5.66975e-15
