0.000127994,	0
0.000132033,	0
0.000282707,	0
0.000342209,	-8.76286e-05
0.000342209,	8.76286e-05
0.000383011,	0.000183491
0.000383011,	-0.000183491
0.000447045,	-6.37939e-05
0.000447045,	6.37939e-05
0.000589027,	-0.000345273
0.000589027,	0.000345273
0.000590451,	0
0.000643685,	0.0003084
0.000643685,	-0.0003084
0.000645248,	0.000399929
0.000645248,	-0.000399929
0.000697314,	0
0.000702194,	-0.000428562
0.000702194,	0.000428562
0.000762041,	0.000439132
0.000762041,	-0.000439132
0.000828855,	0.000432328
0.000828855,	-0.000432328
0.000872561,	0
0.00101839,	0
0.00104864,	0
0.00114472,	0.000113026
0.00114472,	-0.000113026
0.00116692,	-0.000142294
0.00116692,	0.000142294
0.00117096,	8.8891e-05
0.00117096,	-8.8891e-05
1,	0
1,	0
1,	-1.35292e-15
1,	1.35292e-15
1,	-2.73755e-15
1,	2.73755e-15
1,	-1.98273e-15
1,	1.98273e-15
