0.0323314,	0
0.0337297,	0
0.0721132,	0.00546542
0.0721132,	-0.00546542
0.0842092,	0.0259163
0.0842092,	-0.0259163
0.0872058,	-0.055497
0.0872058,	0.055497
0.100906,	0.0427279
0.100906,	-0.0427279
0.10844,	0
0.133563,	0.0201083
0.133563,	-0.0201083
0.15359,	0.121078
0.15359,	-0.121078
0.171119,	0.159941
0.171119,	-0.159941
0.172391,	0.0291862
0.172391,	-0.0291862
0.179188,	0
0.180172,	0.0571497
0.180172,	-0.0571497
0.232412,	-0.0234144
0.232412,	0.0234144
0.254584,	-0.0174006
0.254584,	0.0174006
0.281006,	-0.0207738
0.281006,	0.0207738
0.292435,	0.0359277
0.292435,	-0.0359277
0.301415,	0.03738
0.301415,	-0.03738
0.30366,	-0.0233081
0.30366,	0.0233081
1,	0
1,	0
1,	0
