0.00176461,	0
0.00187448,	0
0.00217891,	0
0.0034389,	0.000706986
0.0034389,	-0.000706986
0.00407898,	0.00293722
0.00407898,	-0.00293722
0.00478496,	0
0.00497084,	-0.00218211
0.00497084,	0.00218211
0.0070438,	-0.0013341
0.0070438,	0.0013341
0.00870472,	0.00335316
0.00870472,	-0.00335316
0.00903212,	0
0.0100881,	0.00546746
0.0100881,	-0.00546746
0.0102421,	-0.00660354
0.0102421,	0.00660354
0.0104015,	-0.00737726
0.0104015,	0.00737726
0.0105415,	0.00799794
0.0105415,	-0.00799794
0.0106867,	-0.00851939
0.0106867,	0.00851939
0.0108352,	0.00896962
0.0108352,	-0.00896962
0.0117009,	-0.00335998
0.0117009,	0.00335998
0.0119525,	0
0.0149746,	0
0.0154562,	0.00139037
0.0154562,	-0.00139037
0.0176355,	-0.00206483
0.0176355,	0.00206483
0.0176725,	-0.00120043
0.0176725,	0.00120043
0.0177244,	0
0.0180531,	0.0022237
0.0180531,	-0.0022237
0.0182803,	0.00130861
0.0182803,	-0.00130861
1,	0
1,	0
1,	0
1,	0
1,	0
1,	0
1,	0
