0.000448848,	0
0.000475676,	0
0.00064152,	0
0.000859869,	-0.000225449
0.000859869,	0.000225449
0.00105668,	0.000724987
0.00105668,	-0.000724987
0.00124429,	-0.000392291
0.00124429,	0.000392291
0.00175474,	0.000510683
0.00175474,	-0.000510683
0.00217997,	-0.000806042
0.00217997,	0.000806042
0.00237704,	0.00144802
0.00237704,	-0.00144802
0.00248008,	0.00167698
0.00248008,	-0.00167698
0.00259924,	-0.00182238
0.00259924,	0.00182238
0.0027205,	0.00190516
0.0027205,	-0.00190516
0.00283337,	0.00192945
0.00283337,	-0.00192945
0.00294614,	0.00188495
0.00294614,	-0.00188495
0.0029853,	-0.000881162
0.0029853,	0.000881162
0.00308125,	-0.00175749
0.00308125,	0.00175749
0.00367362,	-0.000189421
0.00367362,	0.000189421
0.00408036,	0
0.00438113,	0.00026305
0.00438113,	-0.00026305
0.00438929,	-0.000457398
0.00438929,	0.000457398
0.00450801,	0.000542276
0.00450801,	-0.000542276
0.00456944,	0.000311646
0.00456944,	-0.000311646
1,	0
1,	1.38667e-15
1,	-1.38667e-15
1,	1.3051e-15
1,	-1.3051e-15
1,	2.1065e-15
1,	-2.1065e-15
1,	0
