0.00134854,	0.00516886
0.00136391,	0.0065016
0.00136391,	0.0065016
0.00246759,	0.00652824
0.00246759,	0.00652824
0.00266524,	0.0084565
0.00373515,	0.00894581
0.00387013,	0.00920896
0.00387013,	0.00976547
0.00419565,	0.00989893
0.00516886,	0.00989893
0.0065016,	0.0099142
0.0065016,	0.0099142
0.00652824,	0.999628
0.00652824,	1
0.0084565,	1
0.00894581,	1
0.00920896,	1
0.00976547,	0
0.00989893,	9.08563e-05
0.00989893,	-9.08563e-05
0.0099142,	0.000293166
0.0099142,	-0.000293166
0.999628,	0
1,	0
1,	0
1,	0
1,	0
