-0.000175823,	0
-0.000124008,	0.000498063
-0.000124008,	-0.000498063
-0.000102367,	0
-4.36541e-05,	-0.000528245
-4.36541e-05,	0.000528245
-2.13213e-05,	0
3.42618e-05,	0
0.000113634,	0.00062546
0.000113634,	-0.00062546
0.000127569,	0
0.00024196,	-0.000558465
0.00024196,	0.000558465
0.0006426,	0
0.000817282,	0.00168249
0.000817282,	-0.00168249
0.000889613,	0.00168391
0.000889613,	-0.00168391
0.000914999,	0.00160452
0.000914999,	-0.00160452
0.000968983,	-0.00170762
0.000968983,	0.00170762
0.00123711,	-0.0016181
0.00123711,	0.0016181
0.00178226,	-0.000566933
0.00178226,	0.000566933
0.00184836,	0.00199169
0.00184836,	-0.00199169
0.00190044,	-0.00197884
0.00190044,	0.00197884
0.00202608,	0.00192984
0.00202608,	-0.00192984
0.00235491,	0.00162863
0.00235491,	-0.00162863
0.00308699,	-0.00105256
0.00308699,	0.00105256
0.00328123,	0.0020703
0.00328123,	-0.0020703
0.00357925,	0.00243906
0.00357925,	-0.00243906
0.00375146,	0.00274391
0.00375146,	-0.00274391
0.003876,	-0.00300517
0.003876,	0.00300517
0.00397628,	0.00323205
0.00397628,	-0.00323205
0.00406078,	0.00343196
0.00406078,	-0.00343196
0.00413409,	-0.0036106
0.00413409,	0.0036106
0.00419901,	-0.00377209
0.00419901,	0.00377209
0.00425737,	-0.00391946
0.00425737,	0.00391946
0.00431045,	0.004055
0.00431045,	-0.004055
0.00435916,	-0.0041805
0.00435916,	0.0041805
0.00440419,	-0.00429735
0.00440419,	0.00429735
0.00444607,	0.0044067
0.00444607,	-0.0044067
0.00448523,	0.00450945
0.00448523,	-0.00450945
0.00454535,	-0.00126711
0.00454535,	0.00126711
0.00474247,	0.000370593
0.00474247,	-0.000370593
0.00505122,	0.00147267
0.00505122,	-0.00147267
0.00505142,	-0.00109937
0.00505142,	0.00109937
0.00506132,	0.00156328
0.00506132,	-0.00156328
0.00515543,	0.000855691
0.00515543,	-0.000855691
0.00542351,	-0.000854321
0.00542351,	0.000854321
0.00548631,	-0.000977158
0.00548631,	0.000977158
0.00551967,	-0.000839667
0.00551967,	0.000839667
0.00556474,	-0.000893445
0.00556474,	0.000893445
0.0765437,	0
1,	0
1,	0
1,	0
1,	0
1,	0
1,	0
1,	0
1,	0
1,	2.84085e-15
1,	-2.84085e-15
1,	0
1,	0
1,	0
1,	0
1,	0
