-0.00146868,	0
-0.00135141,	0
-0.00116839,	0
-0.000608435,	0
-0.000499913,	0.00169795
-0.000499913,	-0.00169795
-0.000328078,	-0.00183578
-0.000328078,	0.00183578
2.14179e-05,	0.00209476
2.14179e-05,	-0.00209476
0.000704499,	0
0.000806968,	0.00173908
0.000806968,	-0.00173908
0.000812313,	0.00246486
0.000812313,	-0.00246486
0.00119424,	0
0.0023812,	0.00684098
0.0023812,	-0.00684098
0.00291764,	-0.00681423
0.00291764,	0.00681423
0.00347521,	-0.0067491
0.00347521,	0.0067491
0.00406257,	-0.00660894
0.00406257,	0.00660894
0.00469822,	0.00636745
0.00469822,	-0.00636745
0.00473664,	-0.00089231
0.00473664,	0.00089231
0.00678055,	0.00765817
0.00678055,	-0.00765817
0.0070697,	-0.00748419
0.0070697,	0.00748419
0.00747652,	-0.00714911
0.00747652,	0.00714911
0.00786706,	-0.00670615
0.00786706,	0.00670615
0.00899395,	0.00616188
0.00899395,	-0.00616188
0.00941015,	0.00586556
0.00941015,	-0.00586556
0.0103425,	0
0.010978,	-0.00388685
0.010978,	0.00388685
0.0111387,	-0.00973127
0.0111387,	0.00973127
0.0125539,	-0.0124303
0.0125539,	0.0124303
0.0127185,	-0.00269464
0.0127185,	0.00269464
0.0135646,	-0.0144169
0.0135646,	0.0144169
0.0142757,	-0.0160039
0.0142757,	0.0160039
0.0148108,	0.0173201
0.0148108,	-0.0173201
0.0152352,	-0.0184446
0.0152352,	0.0184446
0.0155845,	0.0194267
0.0155845,	-0.0194267
0.0158794,	0.0202986
0.0158794,	-0.0202986
0.0161963,	0.00461657
0.0161963,	-0.00461657
0.0164824,	0.00387326
0.0164824,	-0.00387326
0.0186968,	-0.00314174
0.0186968,	0.00314174
0.0190989,	0.00493374
0.0190989,	-0.00493374
0.0190999,	-0.0055195
0.0190999,	0.0055195
0.0191111,	-0.00536256
0.0191111,	0.00536256
0.0194778,	-0.0015817
0.0194778,	0.0015817
0.019616,	0
0.0198257,	0.00360743
0.0198257,	-0.00360743
0.0202639,	0
0.0204556,	0.0037629
0.0204556,	-0.0037629
0.0206246,	0
0.020949,	-0.00380668
0.020949,	0.00380668
0.0213839,	-0.00384806
0.0213839,	0.00384806
0.0217708,	0.0038835
0.0217708,	-0.0038835
1,	0
1,	0
1,	0
1,	0
1,	-1.31481e-15
1,	1.31481e-15
1,	0
1,	1.18539e-15
1,	-1.18539e-15
1,	0
1,	0
1,	0
