0.0084305,	0
0.0094792,	0
0.0184215,	0
0.0244279,	0.0129734
0.0244279,	-0.0129734
0.0253778,	0.00627311
0.0253778,	-0.00627311
0.026108,	-0.016113
0.026108,	0.016113
0.0267428,	0
0.0346919,	0.00867432
0.0346919,	-0.00867432
0.0394699,	-0.0274192
0.0394699,	0.0274192
0.0415742,	-0.0327877
0.0415742,	0.0327877
0.0422485,	0
0.0435827,	0.0361578
0.0435827,	-0.0361578
0.045675,	0.0133051
0.045675,	-0.0133051
0.0536886,	0
0.0616629,	0.0069988
0.0616629,	-0.0069988
0.0702819,	-0.00312281
0.0702819,	0.00312281
0.0743689,	-0.00906505
0.0743689,	0.00906505
0.0762611,	-0.00958712
0.0762611,	0.00958712
0.0765159,	0.0064128
0.0765159,	-0.0064128
1,	3.39073e-15
1,	-3.39073e-15
1,	0
1,	0
