1,	0.25,	4,	0.0671606,	0.0671606,	4,	10
1,	0.25,	4,	0.0671606,	0.0671606,	4,	10
1,	0.25,	4,	0.0671606,	0.0671606,	4,	200
1,	0.25,	4,	0.0671606,	0.0671606,	4,	200
1,	0.25,	4,	0.0671606,	0.0671606,	4,	200
1,	0.25,	4,	0.0671606,	0.0671606,	4,	200
1,	0.25,	4,	0.0671606,	0.0671606,	4,	200
1,	0.25,	4,	0.0671606,	0.0671606,	4,	0
1,	0.25,	4,	0.0671606,	0.0671606,	4,	0
1,	0.25,	4,	0.0671606,	0.0671606,	4,	0
1,	0.25,	4,	0.0671606,	0.0671606,	4,	0
1,	0.25,	4,	0.0671606,	0.0671606,	4,	0
1,	0.25,	4,	0.0671606,	0.0671606,	4,	0
1,	0.25,	4,	0.0671606,	0.0671606,	4,	0
1,	0.25,	4,	0.0671606,	0.0671606,	4,	0
1,	0.25,	4,	0.0671606,	0.0671606,	4,	0
1,	0.25,	4,	0.0671606,	0.0671606,	4,	200
1,	0.25,	4,	0.0671606,	0.0671606,	4,	0
1,	0.25,	4,	0.0671606,	0.0671606,	4,	0
1,	0.25,	4,	0.0671606,	0.0671606,	4,	0
1,	0.25,	4,	0.0671606,	0.0671606,	4,	0
1,	0.25,	4,	0.0671606,	0.0671606,	4,	0
1,	0.25,	4,	0.0671606,	0.0671606,	4,	0
1,	0.25,	4,	0.0671606,	0.0671606,	4,	0
1,	0.25,	4,	0.0671606,	0.0671606,	4,	0
1,	0.25,	4,	0.0671606,	0.0671606,	4,	0
1,	0.25,	4,	0.0671606,	0.0671606,	4,	30
1,	0.25,	4,	0.0671606,	0.0671606,	4,	0
1,	0.25,	4,	0.0671606,	0.0671606,	4,	0
1,	0.25,	4,	0.0671606,	0.0671606,	4,	0
1,	0.25,	4,	0.0671606,	0.0671606,	4,	0
1,	0.25,	4,	0.0671606,	0.0671606,	4,	0
1,	0.25,	4,	0.0671606,	0.0671606,	4,	0
1,	0.25,	4,	0.0671606,	0.0671606,	4,	0
1,	0.25,	4,	0.0671606,	0.0671606,	4,	0
1,	0.25,	4,	0.0671606,	0.0671606,	4,	0
