% size 25 25
% Non Zeros 217
1 20 -6.63713091059985e-01
1 19 -5.25918606096062e-03
1 9 1.64347249671584e-01
1 14 -5.25918606096078e-03
1 16 -6.63713091059986e-01
1 15 6.49989020255237e-03
1 6 1.64347249671584e-01
1 1 1.00629647929204e+00
1 5 -3.54631459587087e-03
2 18 -6.77009240959685e-01
2 17 -7.06324092373649e-01
2 13 8.33333333333333e-03
2 2 1.03333333333333e+00
2 6 1.76773157297936e-01
2 7 1.64893509368731e-01
3 25 -7.06324092373649e-01
3 24 -6.77009240959685e-01
3 21 8.33333333333332e-03
3 3 1.03333333333333e+00
3 8 1.64893509368731e-01
3 9 1.76773157297935e-01
4 22 5.25918606096078e-03
4 23 -6.69620242273349e-01
4 8 1.60652750328416e-01
4 12 -6.69620242273348e-01
4 11 5.25918606096095e-03
4 10 -7.31665568692189e-02
4 7 1.60652750328416e-01
4 5 2.02129812625376e-02
4 4 1.06037018737462e+00
5 23 -1.49814082831828e-02
5 22 -1.30044455424189e+00
5 21 -8.33333333333333e-03
5 8 3.18129647929204e-01
5 20 -1.68525838348366e-03
5 19 -1.33288877909144e+00
5 9 3.31870352070796e-01
5 16 -1.68525838348350e-03
5 15 -1.48332235358855e-02
5 1 2.15742570698208e-03
5 14 -1.33288877909144e+00
5 13 -8.33333333333333e-03
5 6 3.31870352070795e-01
5 12 -1.49814082831830e-02
5 11 -1.30044455424189e+00
5 10 4.81665568692190e-02
5 7 3.18129647929205e-01
5 5 4.00000000000000e+00
5 4 -1.88240923736486e-02
6 18 -1.77591860609608e-02
6 17 -6.42879757726653e-01
6 2 1.56013916338251e-01
6 16 -6.74379647929205e-01
6 15 -1.38888888888889e-03
6 1 1.67745379520158e-01
6 14 -1.33933344313078e+00
6 11 -2.48140828318284e-03
6 13 2.73332235358857e-02
6 5 3.34101870151426e-01
6 7 -1.11852034847598e-02
6 6 2.00421314595871e+00
7 18 -6.40453575606682e-01
7 17 1.09251939429428e-03
7 2 1.52319416995082e-01
7 14 2.48140828318300e-03
7 13 -4.39998902025522e-02
7 6 1.11852034847599e-02
7 12 -6.58953685404130e-01
7 11 -1.39399989020255e+00
7 10 1.38888888888889e-03
7 7 2.06245352070796e+00
7 5 3.49231463181907e-01
7 4 1.57254620479842e-01
8 25 1.09251939429411e-03
8 24 -6.40453575606682e-01
8 3 1.52319416995083e-01
8 23 -6.58953685404130e-01
8 10 1.38888888888888e-03
8 4 1.57254620479843e-01
8 22 -1.39399989020255e+00
8 19 2.48140828318317e-03
8 21 -4.39998902025522e-02
8 5 3.49231463181906e-01
8 9 1.11852034847599e-02
8 8 2.06245352070796e+00
9 25 -6.42879757726652e-01
9 24 -1.77591860609606e-02
9 3 1.56013916338251e-01
9 22 -2.48140828318300e-03
9 21 2.73332235358857e-02
9 8 -1.11852034847598e-02
9 20 -6.74379647929205e-01
9 19 -1.33933344313078e+00
9 15 -1.38888888888889e-03
9 9 2.00421314595871e+00
9 5 3.34101870151427e-01
9 1 1.67745379520157e-01
10 22 -1.35342574293018e+00
10 23 -1.27435203484760e+00
10 8 1.38888888888889e-03
10 12 -1.27435203484760e+00
10 11 -1.35342574293018e+00
10 10 5.31111111111111e+00
10 7 1.38888888888889e-03
10 5 -4.37964792920424e-02
10 4 6.87964792920426e-02
11 14 -3.48704069695196e-02
11 13 -1.31572233201967e+00
11 6 3.07414727237271e-03
11 12 7.37592958584085e-02
11 11 5.32222222222222e+00
11 10 -1.32316655686922e+00
11 7 -1.27485181525270e+00
11 5 -1.36403707363619e+00
11 4 -3.07414727237237e-03
12 12 2.78581474161652e+00
12 11 -8.48704069695196e-02
12 10 -1.40461122090856e+00
12 7 -6.40749945101277e-01
12 5 1.83519250501503e-02
12 4 -6.32268427020646e-01
13 18 -1.23546314595871e+00
13 17 -1.29787018737462e+00
13 2 -8.33333333333334e-03
13 14 -1.38120352070796e+00
13 11 -1.35212981262538e+00
13 13 5.33333333333333e+00
13 5 8.33333333333334e-03
13 7 3.96298126253759e-02
13 6 -2.29631459587091e-02
14 16 -7.09262919174184e-03
14 15 -1.34350010979745e+00
14 1 3.07414727237255e-03
14 14 5.34444444444445e+00
14 11 3.48704069695196e-02
14 13 -1.28427766798033e+00
14 5 -1.33596292636381e+00
14 7 -3.07414727237255e-03
14 6 -1.32514818474730e+00
15 20 -1.32564796515240e+00
15 19 -1.31324092373649e+00
15 9 -1.38888888888889e-03
15 14 -1.31324092373649e+00
15 16 -1.32564796515240e+00
15 15 5.35555555555556e+00
15 6 -1.38888888888889e-03
15 1 -2.12981262537574e-03
15 5 1.04631459587092e-02
16 14 1.82037403028529e-02
16 16 2.68085192505015e+00
16 15 -1.32872211242477e+00
16 6 -6.59250054898724e-01
16 1 -6.67731572979355e-01
16 5 -1.68525838348349e-03
17 18 5.70926291917418e-02
17 17 2.66974081393904e+00
17 13 -1.36761100131366e+00
17 2 -6.27305610454280e-01
17 6 -6.88564906312688e-01
17 7 -1.68525838348349e-03
18 18 2.79692585272763e+00
18 17 -5.70926291917418e-02
18 13 -1.43238899868634e+00
18 2 -6.22694389545721e-01
18 6 1.83519250501503e-02
18 7 -6.61435093687312e-01
19 22 3.48704069695196e-02
19 21 -1.28427766798033e+00
19 8 -3.07414727237237e-03
19 20 -7.09262919174182e-03
19 19 5.34444444444445e+00
19 15 -1.34350010979745e+00
19 9 -1.32514818474730e+00
19 5 -1.33596292636381e+00
19 1 3.07414727237271e-03
20 20 2.68085192505015e+00
20 19 1.82037403028529e-02
20 15 -1.32872211242477e+00
20 9 -6.59250054898724e-01
20 5 -1.68525838348366e-03
20 1 -6.67731572979355e-01
21 25 -1.29787018737462e+00
21 24 -1.23546314595871e+00
21 3 -8.33333333333334e-03
21 22 -1.35212981262538e+00
21 19 -1.38120352070796e+00
21 21 5.33333333333333e+00
21 5 8.33333333333334e-03
21 9 -2.29631459587091e-02
21 8 3.96298126253759e-02
22 23 7.37592958584085e-02
22 10 -1.32316655686922e+00
22 4 -3.07414727237255e-03
22 22 5.32222222222222e+00
22 19 -3.48704069695196e-02
22 21 -1.31572233201967e+00
22 5 -1.36403707363619e+00
22 9 3.07414727237255e-03
22 8 -1.27485181525270e+00
23 22 -8.48704069695196e-02
23 23 2.78581474161652e+00
23 10 -1.40461122090856e+00
23 8 -6.40749945101277e-01
23 4 -6.32268427020646e-01
23 5 1.83519250501505e-02
24 25 -5.70926291917418e-02
24 24 2.79692585272763e+00
24 21 -1.43238899868634e+00
24 3 -6.22694389545721e-01
24 8 -6.61435093687313e-01
24 9 1.83519250501505e-02
25 25 2.66974081393904e+00
25 24 5.70926291917418e-02
25 21 -1.36761100131366e+00
25 3 -6.27305610454280e-01
25 8 -1.68525838348366e-03
25 9 -6.88564906312688e-01
