-1.47405e+10
9.23711e+09
-3.3819e+09
9.18349e+09
2.17615e+09
1.04246e+10
-2.10078e+10
-1.0575e+10
1.57262e+10
-5.27205e+10
-4.94307e+10
-3.86559e+10
-5.90794e+10
1.90587e+10
4.7685e+10
4.87372e+10
-3.5482e+10
-3.43524e+10
4.98492e+10
3.15681e+10
5.35708e+10
-2.03248e+10
-5.72643e+10
3.14178e+10
4.31289e+10
-1.41587e+10
-3.57322e+09
1.7785e+09
7.97508e+09
-3.47964e+09
2.22112e+10
-5.91529e+09
-1.43134e+10
8.30631e+09
-4.32856e+10
-5.57648e+09
-2.17842e+10
5.51935e+10
5.01245e+10
4.54825e+10
3.53957e+10
3.68134e+10
3.29655e+10
1.71686e+10
5.01045e+10
-5.30751e+10
-4.79764e+10
-3.11966e+10
-5.05107e+10
-2.94876e+10
-167861
-115055
-144123
-200113
-750334
-433689
-409415
-422982
-421525
0.00679559
0.00679559
0.00679559
0.00679559
-1.36424e-11
0.00679559
0.00679559
0.00679559
0.00679559
-5.70987e+08
-1.43667e+07
-3.83502e+08
-4.64106e+08
1.51469e+09
-1.29308e+08
-5.42339e+08
-3.08883e+08
-2.99002e+08
-7.5999e+08
-6.67057e+08
-1.9154e+09
4.16591e+08
-1.00288e+07
-6.29314e+08
-1.28996e+09
1.18147e+09
1.41426e+09
-2.10285e+08
-1.43057e+09
-3.30167e+08
-1.14038e+08
-1.18451e+09
-5.93112e+08
-5.07419e+08
