-8.6466e+08
3.85743e+07
4.54619e+08
7.90067e+08
-1.29013e+08
-8.43182e+08
3.06119e+08
8.31464e+08
-1.11092e+08
8.19334e+07
7.12584e+08
-9.83345e+08
-3.70395e+08
-6.62884e+08
-1.46559e+08
1.03201e+09
7.97737e+08
-6.91636e+08
-6.94393e+08
9.63079e+08
4.39254e+08
5.67131e+08
-1.00276e+09
-7.205e+08
7.64991e+08
-8.3191e+08
2.74368e+08
5.32313e+07
8.22404e+08
-1.06266e+08
-1.90834e+08
8.60958e+08
2.38542e+08
-8.07349e+08
1.04737e+08
6.30921e+08
-1.06119e+09
3.9861e+08
-7.55937e+08
-1.23736e+08
9.36221e+08
6.77702e+08
-7.2407e+08
-6.05454e+08
9.84853e+08
-3.87231e+08
6.42234e+08
-9.99219e+08
-7.85023e+08
7.92677e+08
-4.99576e+13
-4.9958e+13
-4.99568e+13
-4.99576e+13
-4.99574e+13
-4.99574e+13
-4.99575e+13
-4.99571e+13
-4.9957e+13
-1.01742e+08
-5.24344e+07
3.99087e+08
-1.20612e+08
-1.68067e+08
2.18036e+08
2.41619e+08
-1.78674e+07
-7.2969e+07
1.01216e+07
-3.46479e+07
8.13401e+07
7.84059e+06
3.97802e+06
6.97623e+06
8.0577e+06
1.75772e+07
1.54891e+07
6.50842e+06
2.61442e+06
-9.15278e+06
-4.38342e+06
2.32442e+06
5.5242e+06
-8.20537e+06
3.63353e+06
3.13854e+06
-1.17585e+06
-7.47673e+06
1.23898e+07
-1.3802e+06
-7.75949e+06
-1.09117e+07
-7.76423e+06
