-1.75489e+06
-8.3901e+07
8.39003e+07
1.74765e+06
-3790.56
6.58768e+06
4.08269e+07
-6.61885e+06
-4.07846e+07
2.456e+07
8.02531e+07
2.56506e+07
-3.62177e+07
4.54699e+07
-2.45485e+07
1.04261e+07
-1.02905e+08
-1.15708e+08
-8.01752e+07
-2.56066e+07
3.62568e+07
-4.55407e+07
-1.04453e+07
1.02935e+08
1.15718e+08
-1.7565e+06
8.38513e+07
-8.38959e+07
1.7463e+06
-11480.8
-4.07585e+07
-6.61448e+06
4.08174e+07
6.59691e+06
2.45676e+07
-4.55372e+07
-1.04428e+07
3.62483e+07
-8.01625e+07
-2.45546e+07
-2.55975e+07
1.15662e+08
1.02888e+08
4.5484e+07
1.04265e+07
-3.62122e+07
8.0261e+07
2.56536e+07
-1.15704e+08
-1.02904e+08
7414.86
7704.43
7704.43
7421.55
-12273.1
5274.6
5278.73
5278.73
5274.6
0.00679559
0.00679559
0.00679559
0.00679559
-6.13909e-12
0.00679559
0.00679559
0.00679559
0.00679559
3.17241e+06
-506301
-506075
3.17537e+06
-1.48408e+07
-1.74236e+06
-1.74e+06
-1.74069e+06
-1.74147e+06
-637160
1.68122e+06
-3.0397e+06
-5.7335e+06
1.68684e+06
-635690
-3.03419e+06
-6.35249e+06
-6.3531e+06
1.68685e+06
-3.03341e+06
-5.73327e+06
1.68269e+06
-3.04034e+06
-6.3525e+06
-6.35402e+06
