-5.49722e+09
-3.50333e+09
3.53001e+09
5.71943e+09
-1.63763e+08
4.43361e+10
5.04355e+09
-4.41945e+10
-4.82141e+09
-1.8837e+11
6.46758e+09
7.44919e+10
4.4035e+10
9.23526e+10
1.8767e+11
-7.04686e+10
2.31638e+10
-7.3018e+08
-6.67454e+09
-7.45444e+10
-4.45149e+10
-9.25745e+10
7.04719e+10
-2.32494e+10
6.943e+08
-5.49685e+09
3.52964e+09
-3.50264e+09
5.71911e+09
-1.6327e+08
-4.82222e+09
-4.41946e+10
5.04352e+09
4.43365e+10
-1.8837e+11
-9.25756e+10
7.0472e+10
-4.45166e+10
-6.67461e+09
1.87668e+11
-7.45445e+10
6.94173e+08
-2.32501e+10
9.23507e+10
-7.04705e+10
4.40373e+10
6.46886e+09
7.44923e+10
-7.2922e+08
2.31651e+10
288617
-12795.3
-12795.3
288702
55044.5
-179191
-178760
-178760
-179190
0.00679559
0.00679559
0.00679559
0.00679559
-3.11502e-11
0.00679559
0.00679559
0.00679559
0.00679559
-2.40955e+09
1.22788e+07
1.22748e+07
-2.43388e+09
1.43993e+08
1.13304e+09
1.13285e+09
1.13417e+09
1.13184e+09
-1.28882e+08
4.77918e+08
-2.93008e+08
4.53138e+08
4.81731e+08
-1.10832e+08
-2.797e+08
4.58328e+07
4.54577e+07
4.8067e+08
-2.79591e+08
4.52937e+08
4.78973e+08
-2.92814e+08
4.55137e+07
4.58772e+07
