-3.36025e+15
-1.48505e+15
1.7145e+15
4.95631e+15
4.6381e+15
-4.12888e+15
7.90299e+15
4.42308e+15
-7.67101e+15
9.28821e+15
-1.43945e+15
-8.33792e+15
1.87793e+16
-1.61401e+16
-8.999e+15
-5.59204e+14
5.56362e+15
1.17465e+15
-2.77333e+15
2.56304e+15
-2.2932e+16
1.78835e+16
1.81421e+15
-7.17365e+15
-5.88551e+15
-5.75869e+15
1.11754e+15
-8.70776e+14
6.65272e+15
-3.21388e+15
-8.84658e+15
4.30889e+15
9.25074e+15
-4.0548e+15
8.42653e+15
1.26852e+16
-2.46085e+15
-2.11288e+16
-5.96142e+14
-5.471e+15
3.8687e+15
-5.25485e+15
-5.78646e+15
-1.45005e+16
8.50405e+14
2.28387e+16
3.0846e+15
2.84595e+14
6.60791e+15
7.03945e+15
-1.40293e+08
-2.76127e+08
-3.08281e+08
-1.56332e+08
6.79246e+08
-1.53607e+08
-1.79035e+08
-1.84172e+08
-1.8289e+08
0.00679555
0.00679555
0.00679555
0.00679555
-1.86265e-09
0.00679556
0.00679555
0.00679555
0.00679555
2.65629e+14
2.85884e+13
2.3457e+13
2.51686e+14
-1.33358e+14
-2.28311e+14
1.20726e+14
-1.75369e+14
-3.14061e+13
-5.18758e+13
2.26565e+14
-5.07241e+12
-2.73997e+14
-4.65871e+14
8.29337e+13
9.7337e+12
-2.60468e+14
-4.16777e+14
2.7729e+13
-9.34078e+13
-4.99904e+13
-4.50144e+13
7.6403e+13
2.01262e+14
9.04448e+13
