5.92424e+13
2.28174e+13
-2.26338e+13
-5.7816e+13
-1.50179e+12
-7.38048e+13
3.25477e+14
7.59241e+13
-3.27412e+14
-5.71475e+14
-1.88028e+14
-8.72975e+14
1.64106e+14
1.05383e+14
5.74345e+14
3.35487e+14
5.71727e+13
3.43769e+14
1.84428e+14
8.74444e+14
-1.64798e+14
-1.03443e+14
-3.33698e+14
-5.79997e+13
-3.4815e+14
7.60454e+13
-2.64397e+13
2.64756e+13
-7.70025e+13
6.86056e+10
-3.14558e+14
7.10676e+13
3.12623e+14
-7.11288e+13
-6.0708e+14
-1.25427e+14
-3.68178e+14
-1.25647e+14
2.11974e+14
6.10138e+14
8.81769e+14
-3.20477e+14
-3.9727e+13
1.32397e+14
3.7427e+14
1.21924e+14
-2.13305e+14
-8.828e+14
3.18742e+14
3.67819e+13
3.49597e+07
2.28671e+07
2.28004e+07
3.49738e+07
-6.67601e+07
6.53741e+06
6.62707e+06
6.49982e+06
6.47388e+06
0.00679555
0.00679555
0.00679555
0.00679555
6.98492e-10
0.00679555
0.00679555
0.00679555
0.00679555
6.74496e+10
-2.05021e+12
2.1801e+12
-8.70674e+07
-3.77789e+11
1.12962e+12
8.567e+11
-1.04506e+12
-7.73329e+11
3.16981e+11
2.02953e+11
-1.97171e+12
-3.33069e+11
5.21853e+11
-7.36193e+11
-1.35736e+12
9.00656e+11
8.21854e+11
1.09717e+11
1.66236e+12
5.39907e+11
-8.32645e+11
9.19588e+11
-1.04563e+12
-9.85951e+11
