-14657
-11771.5
11765.5
14662.8
17.1399
-15329.2
-2865.4
15360.1
2856.44
34789
21711.3
-16950.2
22113.5
9684.3
-34767.4
-5316.34
28235
-11262.4
-21702.9
16946
-22099.8
-9655.09
5328.36
-28220.1
11257.4
-14657.6
11764.2
-11770.5
14663.3
17.3696
2856.59
15359.8
-2865.72
-15328.3
34790
-9655.45
5328.85
-22100.3
-21703.1
-34768.4
16945.4
11256.8
-28220.4
9685.33
-5316.56
22114
21711.7
-16949.6
-11261.5
28235.5
1.98049e+07
1.97969e+07
1.97969e+07
1.98048e+07
1.98526e+07
1.98222e+07
1.98222e+07
1.98222e+07
1.98222e+07
49574.3
56532
65665.6
59112.5
194835
-122900
-126243
-137829
-115872
-5215.35
1198.28
1391.19
-5145.46
-3645.17
-968.215
-555.564
-678.927
-988.129
-1379.38
59.4596
2335.9
1193.95
563.251
-1350.79
2351.6
1451.79
2082.62
72.3917
2328.33
1286.98
574.307
2350.59
1611.16
1762.84
