3.09285e+07
5.07562e+07
-4.08798e+07
4.95851e+06
-545588
-1.33838e+07
2.6243e+07
2.583e+07
-2.34075e+06
3.23974e+07
9.17233e+06
-8.02478e+06
-9.04466e+06
-1.53993e+07
1.15002e+06
-7.4575e+06
2.28163e+07
-4.76057e+06
-6.06777e+06
2.29574e+06
2.86662e+07
-3.24677e+07
1.10277e+07
-3.17846e+07
-4.46492e+07
-4.87275e+07
2.27539e+06
1.15343e+08
-4.62171e+07
-5.34334e+07
-5.23138e+07
-558379
-2.49051e+07
2.51033e+07
-324264
4.00067e+07
3.61819e+07
6.5984e+06
-7.43002e+06
-2.80055e+07
3.19156e+07
-2.90896e+07
-1.90118e+07
2.10326e+07
1.12417e+07
-3.18142e+07
5.31552e+06
3.88786e+07
3.24146e+07
3.30376e+07
8.66121e+14
8.66121e+14
8.66121e+14
8.66121e+14
8.66121e+14
8.66121e+14
8.66121e+14
8.66121e+14
8.66121e+14
-7.66194e+06
3.22149e+06
3.00463e+07
3.66981e+06
1.48567e+07
-1.03437e+06
-1.0904e+07
-1.94391e+07
-6.7638e+06
-29068.6
718047
260331
-177081
197596
56104.6
22914.1
-209123
132491
-161269
-53718.4
226649
73801.2
-17480.8
14311.8
29949.9
-33197.6
-72603.4
-152024
105784
231837
-91283.2
280885
28420.1
-243595
