5.31688e+14
1.44776e+14
1.8529e+15
4.78892e+15
-1.10828e+15
-3.24387e+14
1.00726e+15
4.60409e+15
-1.24513e+15
-4.53147e+15
-1.20503e+15
-8.42985e+14
7.73719e+14
3.59201e+15
2.37718e+14
4.49911e+14
1.19569e+14
8.01252e+14
-3.87016e+15
-2.1315e+15
7.34956e+15
5.49673e+14
-5.31747e+15
-5.37666e+15
-3.84188e+15
1.8804e+15
1.53239e+14
-1.57239e+15
4.12067e+15
-2.3962e+15
7.5771e+14
9.23888e+13
-2.50208e+15
1.3515e+15
1.72768e+15
-5.79833e+15
-1.63797e+15
-2.76881e+14
9.54999e+14
-1.0208e+15
-1.19824e+15
1.18276e+15
-3.73998e+14
-1.45297e+15
3.81441e+14
-4.8703e+15
2.71235e+14
2.76889e+15
1.70949e+15
2.80924e+15
1.04114e+08
3.03486e+07
-5.57733e+06
1.00425e+08
-1.04669e+08
8.46276e+07
2.82977e+07
6.10518e+07
8.1785e+07
0.00679555
0.00679555
0.00679555
0.00679555
2.09548e-09
0.00679555
0.00679555
0.00679555
0.00679555
5.53745e+12
-2.60455e+13
-3.02456e+14
2.32347e+13
-5.45989e+13
1.03093e+13
4.22831e+12
9.81775e+13
1.26556e+14
1.23801e+13
-2.9238e+13
-1.30714e+13
4.21909e+12
-3.81662e+13
-1.02243e+13
-1.52646e+13
-1.48436e+13
-1.89034e+13
7.20755e+12
2.30126e+13
3.39522e+14
-3.2787e+13
3.15758e+13
-1.63202e+14
-1.70052e+14
