-2895.53
10718.5
-10714.2
2897.68
-9.26655
8776.94
6255.3
-8795.23
-6249.99
-12629
-12488
12234.3
-10996.6
-746.137
12622
5053.05
-14159.6
10255.4
12482.1
-12230
10988.2
728.871
-5058.31
14151.5
-10252.1
-2895.51
-10714.2
10718.5
2897.67
-9.25398
-6249.98
-8795.23
6255.3
8776.93
-12629
728.867
-5058.31
10988.2
12482.2
12622
-12230
-10252.1
14151.5
-746.134
5053.05
-10996.6
-12488
12234.3
10255.4
-14159.6
1.1771e+06
1.1764e+06
1.1764e+06
1.1771e+06
1.17448e+06
1.17591e+06
1.17591e+06
1.17591e+06
1.17591e+06
-48606.3
244553
244620
-48554.4
173816
-111398
-111534
-111523
-111444
6331.43
13707.6
13706.9
6333.01
4552.19
6505.75
6506.66
6507.89
6504.1
76.7526
-510.963
174.432
2321.32
-509.553
78.0019
172.466
-1561.07
-1555.57
-509.621
172.6
2321.73
-511.204
174.574
-1558.84
-1558.27
