376326
525557
-289545
-402369
-74651.7
355953
-86910.1
-355476
116861
-148410
-154239
378524
185127
92355.6
122075
-412789
-73437.5
154788
130338
-377865
-151830
-120251
424590
84698.4
-157179
381964
-324781
542886
-396255
-71361.6
110864
-349940
-93239
361903
-144049
-112779
413422
-155870
123407
125795
-380870
-174185
82264.2
98551.4
-419333
187435
-164027
379954
140341
-74410.7
1.71716e+10
1.71719e+10
1.71719e+10
1.71715e+10
1.71715e+10
1.71715e+10
1.71714e+10
1.71715e+10
1.71715e+10
-250363
-806557
-408407
-157632
-497876
519913
428100
330697
394026
-1017.6
8681.75
8101.58
-2117.58
-17064
-4556.43
-5047.78
-2773.04
-2225.09
7890.75
1781.26
-9736.5
-1307.25
899.313
8793.91
-10336.6
350.17
685.598
949.118
-10772.5
659.06
1342.24
-10172
-1477.1
-1066.19
