0
0
0.377998
2.14677
0.292241
0
0.675583
0.804179
0.239607
1.08953
0.452029
1.51822
0.0655975
0.0686192
0.114939
0
0
0.209963
0.273776
0.0615084
0.433185
0.664861
1.31678
0.490395
0.353972
0
0
0.0331821
0.0873278
0.0750174
0
0.0935495
0.0290741
0.0548452
0.10174
0.115475
0.158653
0.0123167
0.0691919
0.0769849
0
0
-0.0431466
0.0567902
0.0761265
0.0182945
0.0310395
0.0497037
0.0222093
0.0249503
0.997446
0.107166
0.00346427
-0.00757157
-0.591203
0.531633
2.37869
0.018152
0.0457828
0
0.412715
0
-5.9628
-2.41444
0.569605
1.92577
7.76715
0
-0.0620162
-8.85984e-05
-0.123105
0
-0.18584
-0.176054
-0.000122621
-0.0477827
-0.080712
0.167551
0.0912769
0
0.068604
-0.0295718
-0.0232415
-0.0453561
0.0461522
-0.00173007
0.0254475
-0.0640319
-0.0590015
-0.0415586
-0.107328
-0.0140933
0.0092695
