-1705.08
2963.77
-2963.87
1705.56
0.113093
724.109
2518.71
-725.705
-2518.48
-563.08
24.1386
3172.22
12.6114
-447.985
562.564
-795.646
-299.949
2926.67
-24.0301
-3172.62
-13.6708
447.376
795.374
299.154
-2927.29
-1705.59
-2964.08
2963.53
1705.16
-1.88957
-2519.03
-726.062
2518.19
723.819
-564.02
446.322
794.762
-13.7025
-24.8527
561.684
-3173
-2927.23
298.928
-448.96
-796.065
12.3961
23.1214
3171.85
2926.74
-300.298
-3.92609e+06
-3.9588e+06
-3.9588e+06
-3.92615e+06
-3.74394e+06
-3.85973e+06
-3.85975e+06
-3.85976e+06
-3.85974e+06
-94824.4
-21667.4
-44667.1
-20942.5
-22245.8
72216.6
-9437.24
17996.6
63020.7
3445.12
-306.938
1383.98
-6.41609
986.213
1708.41
1220.79
-1156.81
25.0181
1462.41
1300.29
2030.9
-41.2925
870.595
1986.47
324.622
269.928
229.801
-117.434
313.043
1030.46
-265.398
1817.48
469.094
747.201
