-9.98764e+15
-1.38844e+15
1.8402e+16
6.52845e+15
3.37087e+15
3.28326e+16
-3.32398e+16
-3.49766e+16
3.37271e+16
-3.45565e+16
-3.2176e+16
-5.26805e+16
-1.29009e+14
6.47209e+15
3.30413e+16
3.68954e+16
6.01835e+16
-3.60929e+16
2.8173e+16
4.84111e+16
-4.63218e+15
-1.03184e+16
-4.91477e+16
-6.47993e+16
4.60251e+16
-9.99457e+15
1.30134e+16
4.35277e+15
6.92016e+15
5.21155e+15
3.3167e+16
-2.98202e+16
-3.89385e+16
3.05623e+16
-3.38416e+16
-1.36764e+16
-4.96268e+16
-6.22725e+14
2.53713e+16
3.30796e+16
4.19923e+16
4.2308e+16
-4.78422e+16
6.15707e+15
3.9982e+16
7.22986e+14
-3.22997e+16
-5.55067e+16
-3.7787e+16
8.04776e+16
-3.13433e+06
-1.4749e+08
-2.59215e+08
-1.80853e+07
-4.25642e+07
-2.74639e+08
-2.77565e+08
-3.46466e+08
-2.96191e+08
0.00679555
0.00679555
0.00679555
0.00679555
-3.25963e-09
0.00679555
0.00679555
0.00679554
0.00679555
-6.98941e+13
-8.22006e+13
1.10544e+14
-1.96424e+14
2.08102e+14
-8.77347e+13
-7.27547e+13
2.74184e+13
3.61101e+13
5.01968e+13
-1.05245e+14
-9.012e+13
-3.39992e+14
-6.56596e+13
1.30727e+14
-1.74487e+14
2.20281e+13
-1.11746e+14
1.94938e+14
-3.42544e+12
-2.94462e+13
1.80759e+14
1.78559e+14
1.12235e+14
4.03335e+13
