-2.08881e+08
-2.78498e+08
2.63952e+08
2.15915e+08
-3.30101e+07
-2.87408e+08
-1.16595e+08
3.04961e+08
1.00454e+08
6.6017e+08
4.42461e+08
-3.7215e+08
4.29771e+08
2.21116e+08
-6.84428e+08
-5.61141e+07
5.75098e+08
-2.73487e+08
-4.93145e+08
3.2765e+08
-4.63164e+08
-2.18301e+08
6.2661e+07
-5.86449e+08
2.63477e+08
-2.39736e+08
3.01482e+08
-2.67214e+08
2.47856e+08
2.33155e+07
6.18972e+07
3.05036e+08
-9.60688e+07
-3.08338e+08
7.15161e+08
-2.25495e+08
8.39001e+07
-4.29992e+08
-4.65669e+08
-6.91649e+08
3.5429e+08
2.63476e+08
-5.74042e+08
2.23061e+08
-5.37185e+07
4.59053e+08
4.79854e+08
-3.47098e+08
-2.65303e+08
5.82157e+08
2.83463e+14
2.83463e+14
2.83462e+14
2.83463e+14
2.83463e+14
2.83463e+14
2.83463e+14
2.83463e+14
2.83463e+14
-1.04212e+09
-2.85149e+08
-1.09761e+09
-2.38384e+08
2.12862e+08
4.48512e+08
-1.64303e+08
1.73311e+07
5.87329e+08
3.9193e+06
-1.37041e+07
3.61656e+06
5.22515e+06
-3.67352e+07
-4.98509e+06
-1.61199e+06
-3.14543e+06
-2.69935e+06
4.0177e+06
8.54875e+06
-1.07236e+07
-500188
-1.04567e+07
1.10031e+07
-3.17678e+06
1.52058e+07
-6.53325e+06
-5.95213e+06
-6.40094e+06
-1.92403e+06
-7.25496e+06
499624
1.16542e+07
6.08088e+06
