0
0
0.124653
0.0405356
-1.40814
0
-0.736036
0.0842478
-0.503613
0.0431076
0.100465
0.019221
5.65848
5.65918
5.65773
0
0
2.89465
0.0970427
3.09733
0.0399357
0.0416424
0.189142
0.187438
0.354626
0
0
0.0422174
0.0389242
-1.40752
0
-0.653302
0.0014091
-0.588299
0.0411168
0.0995968
0.187933
5.65685
5.6556
5.65697
0
0
3.06127
0.101087
2.93044
0.041768
0.0440012
0.0216065
0.0207193
0.187204
-0.957495
-0.645524
0.0224072
0.0588749
-0.197085
-1.60367
-0.259875
0.0768741
0.0639758
0
-3.08334
0
-0.416667
3.83334
3.54167
-3.75
0.791668
0
0.0921241
0
0.125813
0
-1.03407
-0.314804
0
-0.577749
0.149462
5.03084
5.27265
0
5.20619
-0.0264211
-0.00400841
0.168553
2.2798
0
-0.101096
0.216028
0.152609
-0.0221799
3.02057
0.151208
0.108449
