303.635
-124.347
124.529
-303.443
-0.0406229
197.348
-430.878
-197.22
431.083
-1517.74
-1522.29
-1420.27
-1521.97
-3.95872
1518.56
567.181
-953.097
-1443.87
1523.12
1421.07
1522.86
4.68651
-566.451
953.915
1444.73
303.634
124.529
-124.347
-303.443
-0.0404985
431.083
-197.22
-430.878
197.349
-1517.74
4.68659
-566.45
1522.86
1523.12
1518.56
1421.07
1444.73
953.916
-3.95935
567.18
-1521.97
-1522.29
-1420.28
-1443.87
-953.099
-48.7025
-26.0891
-26.0891
-48.7024
-127.703
-69.3244
-69.3245
-69.3245
-69.3244
0.249929
0.249929
0.249929
0.249929
-1.27502e-16
0.249929
0.249929
0.249929
0.249929
0.45193
-0.105284
-0.106274
0.447856
-0.628998
0.202212
0.200815
0.200828
0.201539
1.8531
1.12721
1.24298
1.69133
1.13184
1.86096
1.25145
0.994438
0.993736
1.12419
1.24541
1.69066
1.13142
1.24778
0.988622
0.997197
