0
0
0.125
0.0416667
-0.698413
0
-0.363492
0.0833333
-0.168254
0.208333
0.240079
0.104167
3.00833
3.00833
3.00833
0
0
1.53274
0.240079
1.80893
0.208333
0.208333
0.270833
0.270833
0.4375
0
0
0.0416667
0.0416667
-0.698413
0
-0.280159
5.07407e-17
-0.251587
0.208333
0.240079
0.270833
3.00833
3.00833
3.00833
0
0
1.6994
0.240079
1.64226
0.208333
0.208333
0.104167
0.104167
0.270833
-0.458333
-0.3125
0.0208333
0.0416667
-0.0416667
-0.770833
-0.104167
0.0625
0.0625
0
-1.41667
0
-0.0833333
1.91667
1.89583
-1.75
0.520833
0
0.0833333
0
0.0833333
0
-0.630952
-0.159524
0
-0.244444
0.0833333
2.80833
2.82421
0
2.78611
0.243254
0.208333
0.270833
1.32163
0
0.208333
0.270833
0.208333
0.230556
1.60417
0.270833
0.270833
