0
0
0.125696
0.980907
-0.0152183
0
-0.105219
0.304057
0.100163
0.380447
-0.0425908
0.510846
-0.148936
-0.0778444
0.000840237
0
0
-0.0739036
0.0505191
0.0161676
0.132925
0.207847
0.533284
0.164265
0.138568
0
0
0.00954707
0.101857
0.0456925
0
0.0547002
0.0181645
0.0292658
0.0795539
0.0710444
0.118803
-0.00507276
0.0379731
0.0468777
0
0
-0.0464038
0.0334387
0.0480005
0.00425561
0.0233838
0.0550662
0.00283733
0.00263815
0.286503
-0.415168
-0.0020862
-0.00347813
-0.381834
0.166179
1.4448
0.00915717
-0.315862
0
-2.46454
0
-3.34429
-3.60668
1.05338
3.11738
6.39448
0
-0.056663
-1.87863e-07
-0.133016
0
-0.180573
-0.150042
-1.87863e-07
0.00937804
-0.0653202
0.104368
-0.0098638
0
0.0161766
0.019039
0.0186614
-0.0233052
0.00669636
-1.49664e-06
0.0370811
-0.0589756
-0.0489012
0.0431498
-0.225553
-0.00196196
0.041418
