-9.4609e+08
-1.54965e+09
-1.27731e+09
-1.3201e+09
-1.87862e+09
8.98726e+08
9.01369e+08
9.76949e+08
1.46835e+09
-6.18601e+08
-3.56778e+08
-5.64857e+08
-1.54257e+09
-9.96284e+07
-8.23455e+07
-1.18327e+08
-1.2803e+09
1.07764e+09
1.96576e+08
-2.54087e+08
-1.15623e+09
1.20257e+08
-6.84903e+08
-8.87223e+08
1.62346e+09
-9.34628e+08
-1.38077e+09
-1.48322e+09
-1.50342e+09
-2.2102e+09
1.55567e+09
1.22571e+09
1.25907e+09
1.36132e+09
-5.11595e+08
-2.97197e+07
-8.0336e+08
-1.24438e+09
3.44208e+08
9.00566e+06
-2.43533e+08
1.70285e+09
-9.19375e+08
-1.17287e+08
-4.86064e+08
-1.67796e+09
-1.74148e+08
-6.06568e+08
1.37698e+09
-1.4894e+09
-1.11936e+16
-1.11936e+16
-1.11936e+16
-1.11936e+16
-1.11936e+16
-1.11936e+16
-1.11936e+16
-1.11936e+16
-1.11936e+16
1.4717e+09
7.76877e+08
-8.42654e+07
-6.07845e+08
-1.405e+09
-5.79823e+08
1.48109e+09
1.08521e+09
1.67491e+07
-4.9742e+06
-2.54582e+06
3.28154e+07
-7.62432e+06
4.23849e+07
1.52858e+07
-1.71396e+07
5.0363e+07
4.1812e+07
2.2153e+07
-2.61665e+07
3.04786e+06
7.66053e+06
2.08793e+07
5.54733e+06
-2.33234e+07
-2.93049e+07
7.07568e+06
1.27309e+07
-9.30985e+06
-1.05632e+07
1.65564e+07
-1.94404e+07
-1.84418e+07
-1.06333e+07
