0
0
0.465802
1.10559
0.34807
0
0.617413
0.657525
0.531686
0.785612
0.533328
0.979187
0.154306
0.165458
0.232607
0
0
0.0980103
0.411074
0.332482
0.482155
0.57097
0.798992
0.488517
0.517
0
0
-0.32755
-0.392034
-0.19724
0
-0.190261
-0.397979
-0.199109
-0.34505
-0.180856
-0.323027
-0.0660952
-0.042443
-0.0500012
0
0
-0.0922747
-0.206909
-0.0587327
-0.334341
-0.364059
-0.410392
-0.350936
-0.306951
-0.420337
-1.16788
0.0118364
0.00592117
-2.15556
-0.980941
-0.763353
0.0148025
-0.921628
0
0.286216
0
-2.17181
-3.37159
4.5025
-1.7766
6.86155
0
-0.143316
-4.38126e-05
-0.121017
0
-0.288115
-0.394472
-4.82874e-05
0.0167045
-0.0742938
0.139214
0.0920096
0
0.0828435
-0.0636233
0.0130885
-0.0405583
0.020378
-0.000661625
0.0126839
-0.0808419
-0.0333473
0.0199397
-0.356588
-0.024483
0.00177907
