1.5215e+08
2.40149e+07
4.80462e+06
4.3136e+07
-3.44782e+07
2.92024e+07
6.06242e+06
6.04895e+06
2.18039e+08
-1.65568e+06
1.43113e+07
1.48844e+07
-8.41288e+07
-5.16417e+07
6.46461e+07
-3.01513e+07
-4.1226e+06
3.45917e+06
1.52543e+08
-4.20642e+07
1.23781e+08
-8.62633e+07
-1.22704e+08
3.97732e+07
4.10567e+06
2.78576e+08
5.03258e+07
7.56005e+07
3.13408e+07
3.07287e+07
2.61546e+07
7.16641e+06
1.10863e+08
2.337e+08
1.18879e+06
4.68885e+07
2.01331e+07
-7.8174e+07
-9.43006e+07
1.77862e+08
-8.74036e+07
-1.00186e+07
1.99808e+07
-2.34759e+07
-1.80229e+08
1.52789e+08
8.13436e+06
-3.71368e+07
-4.86374e+06
-8.18995e+07
-3.911e+15
-3.911e+15
-3.911e+15
-3.911e+15
-3.911e+15
-3.911e+15
-3.911e+15
-3.911e+15
-3.911e+15
4.58319e+07
1.49859e+08
4.91005e+07
-1.05312e+07
3.80217e+07
-7.29473e+07
-3.21682e+07
-5.04431e+06
-5.57372e+07
-371457
-4.16676e+06
3.82242e+06
2.55599e+06
-644560
-41737.1
-4717.52
-73048.2
14599.2
-8921.01
790387
-639611
111922
24280.3
-886369
1.04937e+06
-841761
96723.3
66016.7
504921
566427
437742
-932259
-198571
-1.17908e+06
