21718.6
-8637.16
8638.47
-21716.6
-3.01903
14171.6
-30539.9
-14174.3
30542.9
-113795
-114075
-103614
-114060
-233.56
113864
43062.7
-70902.2
-105037
114145
103652
114134
295.641
-43029
70942.6
105080
21718.5
8638.49
-8637.19
-21716.6
-3.01681
30542.9
-14174.3
-30540
14171.7
-113795
295.781
-43028.9
114134
114145
113864
103652
105080
70942.9
-233.635
43062.7
-114060
-114075
-103614
-105037
-70902.4
-415.729
-220.073
-220.073
-415.729
-1117.47
-597.294
-597.294
-597.294
-597.294
0.249929
0.249929
0.249929
0.249929
-1.79544e-16
0.249929
0.249929
0.249929
0.249929
0.592472
-0.417563
-0.348743
0.684979
-4.75495
0.970785
1.34512
1.08822
1.20554
12.1067
8.96522
8.13147
14.7101
9.12567
11.9973
8.36243
10.3834
11.1904
8.94377
8.056
14.7093
9.15276
8.41821
10.7216
11.1048
