-1.87418e+14
-2.37761e+13
1.41218e+15
3.66082e+14
-1.39363e+14
5.31317e+14
-9.73054e+14
-2.31723e+12
7.79942e+14
-1.17284e+14
2.13865e+13
3.19772e+14
-2.90058e+14
-2.43643e+13
-5.47329e+14
-1.65007e+14
-1.37011e+13
-1.10358e+15
2.46366e+14
5.10821e+14
1.84329e+14
2.79328e+13
-1.02631e+14
8.24889e+14
3.24028e+15
-4.26005e+14
2.56499e+13
-1.44836e+15
1.59047e+14
1.98645e+14
1.03764e+15
-5.49937e+14
-7.53918e+14
4.94079e+13
4.59505e+14
4.09173e+13
9.94354e+13
3.37353e+14
-5.77049e+13
1.35413e+14
-4.92099e+14
1.0833e+15
5.32111e+12
1.32625e+14
9.6728e+13
-8.48673e+13
-1.25353e+14
-4.99003e+14
-3.20243e+15
-7.2447e+14
1.10554e+07
2.95987e+07
7.32132e+07
1.41665e+07
-2.63252e+07
6.17273e+07
5.97569e+07
5.94517e+07
6.43894e+07
0.00679555
0.00679555
0.00679555
0.00679555
1.62981e-09
0.00679555
0.00679555
0.00679555
0.00679555
2.6204e+12
-1.37551e+13
-2.60478e+14
2.82852e+12
-6.86367e+12
7.02188e+12
6.26995e+12
5.55387e+13
5.81442e+13
-3.91102e+12
-1.32758e+13
-9.92552e+12
6.58088e+12
-1.40324e+13
-4.70701e+12
-1.11684e+13
-7.06418e+12
-7.09492e+12
1.21342e+13
-8.63081e+12
-3.89383e+12
1.00144e+13
-8.41262e+12
-1.86439e+14
-1.8385e+14
