0
0
0.0649158
0.533598
-0.0125379
0
-0.0624969
0.162893
0.0513149
0.20445
-0.0278591
0.27575
-0.0843364
-0.0451839
-0.0018253
0
0
-0.0406427
0.0239812
0.00607111
0.0689113
0.109797
0.287877
0.086156
0.0722216
0
0
0.00756961
0.0592611
0.0270845
0
0.0320746
0.0126891
0.0178952
0.0466633
0.0411421
0.0684296
-0.00197845
0.0218844
0.0268947
0
0
-0.0248769
0.0202983
0.0275501
0.00459221
0.0154541
0.0333163
0.00385409
0.00352789
0.165427
-0.218542
-0.00123297
-0.00189916
-0.200454
0.104086
0.813182
0.00501022
-0.173291
0
-1.40346
0
-1.83813
-2.03592
0.602032
1.74814
3.57195
0
-0.0315629
-1.87863e-07
-0.074819
0
-0.100852
-0.0841577
-1.87863e-07
0.00540088
-0.0361578
0.0579473
-0.00580465
0
0.00885104
0.0110474
0.0104465
-0.0133447
0.00380434
-1.49166e-06
0.0204874
-0.032891
-0.0277226
0.0249692
-0.126884
-0.00095643
0.0233181
