0
0
0.123239
0.035444
-1.40864
0
-0.733083
0.0880309
-0.49972
0.0485074
0.103896
0.0118953
5.65906
5.66256
5.65508
0
0
2.89473
0.0865486
3.09856
0.0327242
0.0415857
0.195382
0.187088
0.356489
0
0
0.0444742
0.0271154
-1.40571
0
-0.653051
0.00735641
-0.589955
0.0381771
0.0997735
0.189777
5.65077
5.64452
5.65151
0
0
3.0611
0.107119
2.93079
0.0422337
0.0530479
0.0239517
0.0204489
0.186012
-0.957086
-0.645625
0.0243871
0.0822086
-0.183395
-1.60403
-0.24664
0.0963202
0.065031
0
-3.08334
0
-0.416667
3.83334
3.54167
-3.75
0.791668
0
0.103945
0
0.178844
0
-0.728475
-0.192173
0
-0.58263
0.235702
4.73043
5.24563
0
5.19329
-0.18968
-0.0619554
0.142865
2.24779
0
-0.286456
0.252218
0.287418
-0.142328
3.22745
0.106914
0.0097294
