1.18093e+07
4.73203e+07
6.27504e+07
7.03242e+07
7.86101e+07
-5.4094e+07
-1.88371e+07
5.13355e+07
4.52866e+07
8.27571e+07
-7.76779e+07
-8.09975e+07
6.95924e+07
1.02175e+08
1.4232e+07
1.85109e+06
-7.27842e+06
-7.12403e+06
-1.03226e+08
-3.39567e+07
-6.65013e+07
3.29246e+07
6.49166e+07
-1.78587e+06
7.36693e+06
-8.37182e+07
-3.54291e+07
-8.69599e+07
2.9678e+07
-5.63044e+07
6.90625e+07
6.74872e+07
-9.68603e+07
2.14084e+06
2.3842e+07
-1.05335e+08
-3.35609e+07
6.89275e+07
1.24573e+08
-9.20231e+07
9.50214e+07
1.51623e+07
-8.9833e+06
-2.39519e+07
-3.65804e+07
-6.45492e+07
2.74318e+07
1.14565e+07
-1.5925e+07
2.5225e+07
1.21646e+16
1.21646e+16
1.21646e+16
1.21646e+16
1.21646e+16
1.21646e+16
1.21646e+16
1.21646e+16
1.21646e+16
1.22272e+08
-1.70279e+08
-1.18473e+07
-6.2676e+07
-4.58087e+07
-1.98146e+07
1.13443e+08
9.15474e+07
-7.25805e+07
-5.16003e+06
-59142
-7.65033e+06
2.32873e+06
-705830
-3.21144e+06
-25660.2
379563
-3.20021e+06
814162
273421
-1.23782e+06
-791527
20504.4
-1.77684e+06
1.31743e+06
508245
987261
215497
2.16372e+06
-872654
285001
-1.63684e+06
608179
840389
