3.20048e+14
3.58793e+14
3.19121e+15
-5.17818e+15
5.01371e+15
3.45406e+14
-5.03304e+15
-2.37295e+16
3.32278e+15
-8.11537e+15
4.31143e+15
-7.22769e+15
-3.39669e+15
-6.44355e+15
1.52295e+15
-3.80495e+15
-5.22489e+14
-3.94197e+15
5.07525e+14
-2.40392e+15
4.26708e+15
-9.36563e+15
-2.02825e+16
-8.40449e+15
8.55313e+14
7.11598e+14
6.03165e+14
6.16075e+15
-1.07788e+16
9.78232e+15
7.89904e+13
-3.15176e+15
-8.55835e+16
5.91804e+15
-8.01693e+15
-2.49054e+15
-1.45427e+16
-1.24112e+16
-1.09847e+16
1.87346e+15
-8.11782e+15
7.58928e+14
-6.35726e+15
1.53652e+16
2.17807e+15
-2.84029e+16
-1.6677e+16
-3.41221e+16
-3.01556e+16
-7.63016e+14
1.47757e+08
4.01648e+07
-1.19613e+08
1.78479e+08
-4.07637e+07
4.25218e+07
-4.90923e+07
-2.51183e+08
-4.67086e+07
0.00679555
0.00679555
0.00679555
0.00679555
1.22236e-09
0.00679555
0.00679555
0.00679555
0.00679555
2.29704e+12
-3.90636e+13
-1.16092e+14
-2.38232e+13
-1.31869e+13
-1.15031e+12
7.1592e+12
3.67078e+13
1.19043e+14
-1.61272e+13
-2.89923e+13
-3.84133e+13
-9.44632e+12
-6.24356e+13
2.71663e+13
-3.55415e+13
-1.11149e+13
-1.74063e+13
8.80364e+13
8.22238e+13
3.29642e+14
2.44699e+13
4.50454e+13
7.18599e+13
7.81846e+12
