379538
-631400
712578
-432038
-29816.4
-11399.4
-812264
46040.8
740982
-370996
-306953
-791112
-354830
-174120
424024
712440
-494218
-781845
336316
812546
358672
112590
-774486
421910
804449
316729
689086
-729399
-507365
76743.1
829250
29898
-732878
-120835
-438944
109918
-457903
358194
327716
379887
817454
772862
436659
-72452
776411
-335791
-355802
-797583
-830225
-380169
1.35371e+10
1.35383e+10
1.354e+10
1.35383e+10
1.3539e+10
1.35396e+10
1.35388e+10
1.35389e+10
1.35391e+10
-242488
-1.15809e+06
-210074
10535.9
-539347
673921
418121
230732
366610
-3120.73
8504.44
-6309.16
-1760.84
-12070.2
2738.56
-1088.3
-5510.77
-6069.2
5762.54
6187.2
-13112.2
-4483.6
-1402.33
7694.82
-9388.58
2719.73
3600.55
312.41
-7273.55
943.103
49.4466
-5841.77
-536.452
-86.4148
