6.95267e+16
7.94691e+16
-1.29199e+17
-9.4739e+16
3.16367e+15
8.35275e+15
-6.19627e+16
-1.59382e+16
1.57805e+17
2.64883e+16
5.59417e+16
-4.33157e+16
7.40257e+15
-5.52952e+16
-3.27377e+16
1.58389e+16
-7.31375e+15
2.00671e+16
-2.65968e+16
4.52555e+16
8.2979e+15
6.32203e+16
-5.92864e+16
-1.08817e+16
9.96327e+16
8.2851e+16
-1.38989e+17
1.01662e+17
-1.27757e+17
7.06137e+15
1.68415e+17
-1.27403e+15
-1.13697e+17
1.02468e+16
3.48739e+16
8.05918e+16
-6.94974e+16
3.82077e+15
-5.09844e+16
-4.50937e+16
3.20775e+16
1.35326e+17
-1.70976e+16
-4.73035e+16
3.27059e+16
1.2671e+16
7.85203e+16
-7.76893e+16
-3.95534e+16
-1.20622e+16
8.63287e+07
-6.62938e+07
-7.38324e+07
-3.25393e+08
-1.66562e+08
-6.98128e+08
4.29177e+08
5.09386e+08
-6.26552e+08
0.00679555
0.00679556
0.00679556
0.00679557
5.02914e-08
0.00679557
0.00679558
0.00679556
0.00679557
2.20338e+14
1.40808e+14
3.86093e+12
2.38925e+14
2.81584e+14
1.39723e+14
3.85401e+14
-1.27113e+14
-2.42152e+13
-2.82284e+14
-3.50629e+14
3.06899e+14
1.37077e+14
-9.81459e+12
-3.83144e+13
-2.61882e+14
-1.19771e+14
-1.6027e+14
-4.72839e+13
1.72397e+14
-3.78012e+13
-5.57074e+13
-7.72806e+13
1.6749e+14
8.23207e+13
