3.41658e+07
4.02894e+07
-6.18087e+07
1.79093e+08
7.13268e+07
2.36447e+06
8.26582e+07
1.02812e+08
2.50548e+07
2.95951e+08
9.5493e+07
-1.99299e+08
6.21276e+07
4.63744e+07
-6.90891e+07
1.10333e+07
4.23928e+07
-9.27462e+06
-1.42833e+07
-7.40643e+07
-1.08738e+08
-6.72779e+07
1.60474e+07
-1.25891e+08
-2.41528e+06
-2.863e+07
4.08299e+07
-4.65618e+07
7.67186e+07
3.00407e+07
-4.66062e+07
-8.38505e+07
3.51335e+07
-1.57491e+08
2.33122e+08
2.91009e+07
5.99553e+07
-3.59379e+07
-7.82058e+07
-1.2905e+08
-3.0687e+07
9.73877e+06
-1.05176e+08
1.71382e+08
-6.96341e+07
1.68297e+08
-9.15701e+06
-5.70033e+06
-1.73854e+07
1.84052e+08
2.20036e+15
2.20035e+15
2.20036e+15
2.20036e+15
2.20035e+15
2.20036e+15
2.20036e+15
2.20036e+15
2.20035e+15
-3.44243e+08
-4.05003e+08
1.445e+08
-1.83868e+06
2.55621e+08
2.55591e+08
-2.49688e+08
-2.19461e+08
1.98716e+07
-3.04549e+06
775128
-5.19558e+06
1.49946e+06
-3.55205e+06
-5.04794e+06
1.17087e+06
-1.35048e+07
-1.42485e+07
-4.23087e+06
-1.61083e+06
1.07151e+07
-2.4062e+06
-2.97049e+06
387617
-706183
4.3126e+06
2.08227e+06
-2.17586e+06
8.63384e+06
1.76053e+06
-2.47492e+06
5.50227e+06
1.13847e+06
-3.35499e+06
