7.1391e+13
2.39095e+13
-2.41003e+13
-6.92089e+13
-1.54765e+11
-6.74793e+13
3.15061e+14
6.74092e+13
-3.1679e+14
-5.82771e+14
-1.93564e+14
-8.7986e+14
1.54306e+14
1.22666e+14
5.84615e+14
3.46951e+14
5.35685e+13
3.23878e+14
1.91935e+14
8.80596e+14
-1.53715e+14
-1.24629e+14
-3.47301e+14
-5.35022e+13
-3.2496e+14
7.01537e+13
-2.42669e+13
2.43351e+13
-7.01288e+13
-2.75071e+11
-3.16646e+14
6.90984e+13
3.15959e+14
-6.84647e+13
-5.83399e+14
-1.20775e+14
-3.49321e+14
-1.5216e+14
1.92124e+14
5.84785e+14
8.7401e+14
-3.23495e+14
-5.30227e+13
1.24985e+14
3.50196e+14
1.52456e+14
-1.91365e+14
-8.74872e+14
3.21833e+14
5.19804e+13
3.60255e+07
2.24996e+07
2.24407e+07
3.60252e+07
-5.38085e+07
9.63278e+06
9.66461e+06
9.58846e+06
9.53811e+06
0.00679559
0.00679559
0.00679559
0.00679559
-3.63798e-12
0.00679559
0.00679559
0.00679559
0.00679559
4.96602e+10
4.69032e+10
5.30855e+10
2.87388e+10
-3.25715e+10
-1.77601e+10
-8.86515e+10
-3.27121e+10
-6.53718e+10
1.37216e+11
6.58426e+10
1.22058e+11
-1.40645e+11
2.89443e+10
1.1075e+11
1.23633e+10
1.21148e+11
5.04757e+10
1.53937e+11
4.46688e+10
-8.06904e+10
2.04677e+11
7.92836e+10
-1.84539e+11
-1.9249e+11
