-6.21511e+15
2.46304e+15
1.82951e+16
7.06181e+15
2.31336e+15
2.43636e+16
-3.33487e+16
-2.79746e+16
3.48899e+16
-2.03963e+16
-2.84367e+16
-5.91214e+16
-3.7222e+15
-2.36535e+15
1.22922e+16
4.83561e+16
6.25806e+16
-3.22472e+16
3.17245e+16
5.46843e+16
7.64213e+12
1.97644e+15
-5.38818e+16
-6.26602e+16
4.61242e+16
-5.87498e+15
1.04299e+16
5.44024e+15
7.38655e+15
3.94591e+15
3.22573e+16
-2.42821e+16
-3.72764e+16
2.64068e+16
-2.13742e+16
4.85366e+14
-5.65378e+16
1.28773e+15
2.86103e+16
1.14109e+16
5.13152e+16
3.58784e+16
-5.35501e+16
-2.23639e+15
4.77465e+16
-5.98028e+15
-2.98701e+16
-6.03205e+16
-3.8522e+16
7.70224e+16
-1.34998e+08
-1.96424e+08
-2.19775e+08
-1.39129e+08
-1.56241e+08
-2.50331e+08
-2.42252e+08
-2.77271e+08
-2.86351e+08
0.00679555
0.00679554
0.00679556
0.00679555
-3.72529e-09
0.00679556
0.00679556
0.00679555
0.00679555
2.38603e+13
-1.12432e+14
8.67461e+14
5.43208e+13
7.21704e+13
4.9688e+13
-7.6994e+12
-3.90722e+14
-3.10467e+14
1.05388e+14
-3.7506e+14
-4.24212e+14
3.87603e+14
-2.80303e+14
2.00922e+14
-2.3286e+14
6.53315e+14
5.52054e+14
5.68581e+14
1.47007e+12
-2.46874e+15
4.82916e+14
-1.19382e+14
-5.72543e+14
-4.66078e+14
