0
0
0.125
0.0416667
-0.709524
0
-0.373214
0.0833333
-0.169643
0.0416667
0.0678571
0.0208333
2.85833
2.85833
2.85833
0
0
1.46607
0.0678571
1.7256
0.0416667
0.0416667
0.1875
0.1875
0.354167
0
0
0.0416667
0.0416667
-0.709524
0
-0.289881
3.46945e-17
-0.252976
0.0416667
0.0678571
0.1875
2.85833
2.85833
2.85833
0
0
1.63274
0.0678571
1.55893
0.0416667
0.0416667
0.0208333
0.0208333
0.1875
-0.458333
-0.3125
0.0208333
0.0416667
-0.0416667
-0.770833
-0.104167
0.0625
0.0625
0
-1.41667
0
-0.0833333
1.91667
1.89583
-1.75
0.520833
0
0.0833333
0
0.0833333
0
-0.642063
-0.169246
0
-0.245833
0.0833333
2.65833
2.67421
0
2.63611
0.0710317
0.0416667
0.1875
1.25496
0
0.0416667
0.1875
0.0416667
0.0583333
1.52083
0.1875
0.1875
