2.03867e+07
-2.11679e+07
6.5328e+06
2.51545e+07
-1.87227e+07
-1.79688e+07
-1.05784e+07
2.4885e+07
-4.1728e+06
1.80536e+07
3.39585e+06
3.67195e+06
6.0068e+06
9.80954e+06
3.51358e+06
-4.43634e+07
2.3966e+07
-1.76148e+06
7.35152e+06
-4.167e+06
-9.09541e+06
-1.51324e+07
-2.3566e+07
-1.96418e+07
6.78683e+06
9.43472e+06
-5.77246e+06
-1.25528e+07
-1.99211e+07
1.9196e+07
1.62486e+07
-1.46537e+07
-5.43327e+06
-1.26358e+07
-3.15772e+07
9.77943e+06
6.71784e+07
-5.37142e+06
-8.86595e+06
-1.28991e+07
-149383
-8.64174e+06
8.91498e+06
3.7273e+06
3.96049e+07
5.52698e+06
7.83675e+06
1.36743e+07
-1.2754e+06
1.17656e+07
-1.036e+15
-1.036e+15
-1.036e+15
-1.036e+15
-1.036e+15
-1.036e+15
-1.036e+15
-1.036e+15
-1.036e+15
2.31253e+08
1.87216e+08
-1.21153e+08
-1.5367e+08
-1.43274e+07
-2.02701e+08
1.02364e+08
1.8711e+08
-1.31861e+08
-297853
-4.87333e+06
3.96481e+06
5.27059e+06
763327
-178547
2.56164e+06
1.52573e+06
-88696.1
1.78024e+06
-173394
-945306
-189413
2.06508e+06
-2.81637e+06
1.56318e+06
-1.70375e+06
74627.5
998096
2.03397e+06
-706078
-181756
-2.27945e+06
805093
-917633
