-2.74936e+06
-722564
-27981.4
-1.38446e+06
1.87069e+06
3.73366e+06
-1.77531e+06
425135
-2.3733e+06
1.59515e+06
1.37951e+06
98525.2
5.55249e+06
-2.87782e+06
-4.13526e+06
-1.03651e+07
2.54506e+06
-215993
5.21427e+06
7.69106e+06
5.89743e+06
3.57474e+06
-1.08535e+06
-85743.7
-498765
-1.36144e+06
-29055.9
54151.2
-1.11817e+06
324115
2.20492e+06
587450
1.5477e+06
-1.84837e+06
-2.27557e+06
2.17638e+06
-1.34884e+06
803989
4.11779e+06
-6.62382e+06
8.10349e+06
2.76843e+06
930093
-8.79884e+06
-1.01607e+07
-4.85747e+06
-2.00811e+06
-603148
-564909
-603003
-451.083
142.348
142.39
-450.698
-3790.82
-888.711
-888.572
-888.131
-888.375
0.00679559
0.00679559
0.00679559
0.00679559
3.41061e-13
0.00679559
0.00679559
0.00679559
0.00679559
217362
-29532.5
74339.9
-266705
-89103.8
124923
71945.3
-65387.9
-28074.2
-98333.2
-214517
-37753.6
-389090
-186159
265505
-14204.1
-91979.5
-40368.5
91620.2
83383.9
412975
12646.8
93413.1
95489.8
17622.9
