-7.36974e+07
6.02842e+07
1.0115e+08
-1.0319e+08
-1.03936e+08
119405
-2.81399e+07
-4.85486e+07
2.96837e+07
-4.94593e+07
6.49569e+07
1.27735e+07
-2.02319e+06
-6.58217e+07
7.42999e+07
2.68656e+07
3.80445e+07
8.82922e+06
-4.35912e+06
1.66028e+07
1.14275e+07
-2.27071e+06
1.72038e+08
5.12224e+07
1.06914e+08
-8.58553e+07
4.55288e+06
-1.06367e+08
-8.42216e+07
-3.44206e+07
-3.32465e+07
-1.56228e+07
-5.30015e+07
-4.25105e+07
-1.03086e+08
8.30555e+07
2.25124e+07
9.00982e+06
-3.31996e+07
-3.12549e+07
9.41017e+07
-1.22224e+07
-1.08901e+07
1.05831e+08
-1.72049e+07
3.55066e+07
-1.83855e+07
1.63721e+08
-4.01088e+07
-1.37936e+08
5.38759e+14
5.38759e+14
5.38759e+14
5.38759e+14
5.38759e+14
5.38759e+14
5.38759e+14
5.38759e+14
5.38759e+14
4.00083e+06
-2.35751e+06
-3.49166e+07
9.44335e+06
-1.7837e+07
6.59747e+06
794334
1.45659e+07
1.71781e+07
119912
-312422
-2.25436e+06
-372.789
-225207
-4576.92
-56346.5
-234731
-203082
-56589
28088.6
-29162
-35984.5
38354.8
26058.4
-96943.4
-29812.5
56998.6
189773
-212454
-507098
204125
-78343.8
175186
423489
