-2.1103e+06
51193.8
-51896.7
2.1125e+06
554.085
1.39448e+06
-928791
-1.39532e+06
928418
2.20832e+06
-1.82195e+06
6208.51
-129943
1.72526e+06
-2.2051e+06
90887.9
93314.6
-164011
1.82135e+06
-5325.73
128665
-1.72602e+06
-89886.5
-94350.3
163252
-2.11029e+06
-51896.5
51192.2
2.1125e+06
556.368
928421
-1.39532e+06
-928790
1.39448e+06
2.20833e+06
-1.72602e+06
-89888.8
128665
1.82135e+06
-2.20509e+06
-5322.37
163252
-94351.3
1.72526e+06
90886.9
-129943
-1.82194e+06
6210.85
-164010
93314.7
-1.27658e+07
-1.27754e+07
-1.27754e+07
-1.27658e+07
-1.27751e+07
-1.27735e+07
-1.27735e+07
-1.27735e+07
-1.27735e+07
495467
1.52945e+06
1.52864e+06
507698
1.00048e+06
-917376
-927394
-927511
-916809
-2694.57
5744.03
5747.13
-2659.52
13504.5
9746.55
9698.11
9715.29
9716.49
-13254.9
660.205
10298.7
4958.95
567.718
-13112.8
10257.2
-3522.42
-3540.98
565.976
10254.5
4955.24
659.805
10305.7
-3546.41
-3510.91
