6.91011e+07
1.87842e+07
-1.89497e+07
-6.90101e+07
12233.8
5.65436e+07
-2.70485e+07
-5.65191e+07
2.72989e+07
-9.98858e+07
-4.99066e+07
9.70075e+07
-5.08056e+07
-7.90713e+06
9.97103e+07
-291690
-5.97089e+07
5.55094e+06
4.99518e+07
-9.70141e+07
5.06644e+07
8.02209e+06
44531.4
5.95563e+07
-5.20839e+06
6.94178e+07
-1.86491e+07
1.89424e+07
-6.91914e+07
169726
2.718e+07
-5.61689e+07
-2.69728e+07
5.64507e+07
-9.97305e+07
8.13358e+06
362608
5.0889e+07
4.98066e+07
9.97689e+07
-9.6744e+07
-5.64518e+06
5.996e+07
-7.86792e+06
-98751.4
-5.06373e+07
-4.98952e+07
9.67206e+07
5.55121e+06
-5.97772e+07
-1.03136e+11
-1.03136e+11
-1.03133e+11
-1.03136e+11
-1.03135e+11
-1.03134e+11
-1.03135e+11
-1.03134e+11
-1.03133e+11
345786
-586857
2.36272e+06
-895435
306075
-423216
753850
15891.8
-1.1842e+06
9081.42
44297.6
-5508.82
12012.8
-5447.42
122.789
20063.7
198.271
-1865.1
13660.2
5732.57
-22526.2
1071.92
1665.18
-4432.67
3165.36
8926.45
-10711.7
506.408
-5083.25
18611.2
-11843.9
-6526.17
-5316.32
-10703.7
