3.89627e+07
3.16448e+07
-3.86394e+07
4.72632e+07
7.23928e+07
6.13596e+07
-7.08119e+06
4.37145e+07
2.83702e+07
1.07247e+08
-1.10736e+06
1.17427e+07
-5.63007e+07
-4.28709e+07
1.27442e+08
-1.58231e+07
-7.6731e+07
-3.9149e+06
2.43178e+07
-1.02469e+08
-4.09987e+07
-5.72931e+07
-7.95982e+06
-3.97385e+07
-1.05438e+07
4.03687e+07
6.71882e+06
-5.01509e+07
-5.86458e+07
-4.35898e+07
-9.86769e+06
-5.04572e+07
-5.20366e+07
-6.65288e+07
2.23499e+07
7.77268e+07
-7.94214e+06
4.3163e+07
1.10212e+07
7.91205e+07
1.61814e+07
232092
5.24766e+07
6.19479e+07
-6.27482e+07
5.68042e+07
-2.15125e+07
7.09471e+07
-6.71449e+06
8.58062e+07
-5.6646e+15
-5.6646e+15
-5.6646e+15
-5.6646e+15
-5.6646e+15
-5.6646e+15
-5.6646e+15
-5.6646e+15
-5.6646e+15
2.00711e+08
-3.69561e+08
-2.10446e+08
-2.59252e+07
-2.56757e+08
9.21733e+07
2.49851e+08
2.39214e+08
9.0872e+06
902856
-6.23534e+06
-2.78156e+06
2.88677e+06
1.0149e+06
-396148
397782
956870
2.74144e+06
1.68641e+06
3.10853e+06
-2.78261e+06
-4.22192e+06
2.56553e+06
-998753
2.87949e+06
-1.22796e+06
2.10685e+06
1.40506e+06
-2.72865e+06
-1.67895e+06
-633326
-1.79776e+06
804618
849589
