-9.67578e+15
-1.38476e+15
1.85746e+16
6.62199e+15
3.28968e+15
3.14261e+16
-3.28142e+16
-3.54895e+16
3.34266e+16
-3.30277e+16
-3.18431e+16
-5.24915e+16
-2.46252e+14
4.70236e+15
3.13596e+16
3.54104e+16
5.98532e+16
-3.59819e+16
3.13875e+16
4.87944e+16
-2.35197e+15
-1.06722e+16
-4.9287e+16
-6.47732e+16
4.52805e+16
-9.85358e+15
1.30775e+16
4.40366e+15
6.96952e+15
4.92611e+15
3.26137e+16
-2.94748e+16
-4.00518e+16
3.15842e+16
-3.26977e+16
-1.24733e+16
-4.87621e+16
3.7563e+13
2.55878e+16
3.13381e+16
4.14896e+16
4.22302e+16
-4.76388e+16
8.5878e+15
4.01793e+16
1.16829e+15
-3.31992e+16
-5.64558e+16
-3.836e+16
7.92783e+16
-2.80759e+07
-1.41214e+08
-2.63171e+08
-1.24386e+07
-5.55804e+07
-2.96336e+08
-2.89489e+08
-3.72549e+08
-3.0477e+08
0.00679555
0.00679555
0.00679556
0.00679555
-6.28643e-09
0.00679555
0.00679555
0.00679554
0.00679555
-1.83425e+13
-1.16349e+13
1.00195e+14
-2.70451e+14
1.85686e+14
-8.82808e+13
-9.84769e+13
-3.04852e+13
1.47993e+14
-2.26444e+14
-2.74227e+14
-2.45389e+14
-3.14596e+14
-8.85845e+13
1.7994e+14
-1.17117e+14
5.64953e+13
6.03766e+12
2.40221e+14
1.27752e+14
-6.15016e+13
2.80396e+13
-1.33985e+13
1.11093e+14
-6.4648e+12
