6.2056e+16
7.82284e+16
-1.28347e+17
-9.76839e+16
7.12886e+15
1.11525e+16
-6.48966e+16
-1.53935e+16
1.67199e+17
2.88348e+16
5.91184e+16
-4.27595e+16
1.42891e+16
-5.12715e+16
-3.8104e+16
2.01752e+16
-6.80375e+15
1.4999e+16
-2.59008e+16
3.19095e+16
9.39047e+15
6.75331e+16
-5.71693e+16
-9.82218e+15
1.08461e+17
7.70765e+16
-1.38959e+17
1.00331e+17
-1.31293e+17
1.61572e+16
1.76763e+17
4.38521e+13
-1.21384e+17
1.22891e+16
3.42855e+16
7.81338e+16
-7.19798e+16
9.92948e+15
-5.96149e+16
-5.68277e+16
1.09368e+16
1.4291e+17
-1.29e+16
-4.83056e+16
3.04432e+16
1.0704e+16
7.48467e+16
-6.8857e+16
-4.73382e+16
-1.31432e+16
2.00069e+08
1.1619e+07
7.87608e+07
-1.84897e+08
-4.83547e+08
-6.84721e+08
4.63606e+08
5.52951e+08
-6.47753e+08
0.00679555
0.00679556
0.00679554
0.00679556
7.98609e-08
0.00679558
0.00679559
0.00679557
0.00679556
1.59655e+14
2.4435e+15
7.54929e+14
-1.21086e+15
-4.94068e+14
-2.88797e+15
9.96212e+14
1.28279e+15
-1.78819e+14
-4.29029e+15
-4.88434e+15
-5.43768e+14
-5.00624e+15
-4.33954e+15
1.02578e+15
-7.94298e+14
-4.45408e+15
-5.15268e+14
-1.71932e+14
2.65944e+14
-1.25343e+15
-1.59767e+15
-2.19074e+15
-5.15654e+14
2.30827e+15
