-5.91074e+15
-5.3016e+14
5.33986e+14
5.72105e+15
4.05267e+15
-3.10502e+15
8.43187e+15
4.02154e+15
-1.01623e+16
1.07516e+16
-1.85824e+15
-6.88994e+15
1.90491e+16
-1.72439e+16
-1.47446e+16
-1.72956e+15
5.65868e+15
2.8949e+15
-3.53358e+15
-6.60254e+14
-2.25596e+16
1.68485e+16
2.04408e+15
-7.19349e+15
-6.33539e+15
-6.1833e+15
1.16592e+15
-4.91636e+14
7.00536e+15
-2.41846e+15
-1.03552e+16
4.72034e+15
9.3681e+15
-3.858e+15
1.03183e+16
1.41979e+16
-1.34063e+15
-2.17666e+16
-5.34391e+14
-1.20475e+16
2.08406e+15
-5.72362e+15
-6.57463e+15
-1.673e+16
-1.57334e+15
2.25671e+16
3.40109e+15
6.46968e+14
6.61758e+15
7.08859e+15
-1.63251e+08
-2.60602e+08
-2.62708e+08
-1.71268e+08
6.47786e+08
-1.69826e+08
-1.69924e+08
-1.78436e+08
-1.76212e+08
0.00679556
0.00679555
0.00679555
0.00679555
-1.35042e-08
0.00679556
0.00679554
0.00679555
0.00679556
4.78639e+14
1.15799e+14
2.12912e+14
3.48327e+14
-2.42992e+15
5.02479e+13
6.95787e+14
3.99248e+14
4.87196e+14
-1.9358e+15
-1.83454e+15
-4.86931e+14
-5.67455e+14
-2.22573e+15
-1.72761e+15
-3.73605e+14
-1.11234e+14
-1.79251e+14
-2.30412e+15
-3.31195e+14
-1.88834e+15
-2.49621e+15
-4.15933e+14
-6.9651e+14
-7.13751e+14
