0
0
0.119429
0.0210807
-1.40962
0
-0.724853
0.0982949
-0.489198
0.0622795
0.113008
-0.0088472
5.66066
5.6716
5.64778
0
0
2.89503
0.0581816
3.1019
0.01305
0.0413709
0.211509
0.186002
0.36149
0
0
0.0505725
-0.00548047
-1.40072
0
-0.652417
0.0236344
-0.594441
0.0293844
0.100478
0.194834
5.63439
5.61478
5.63692
0
0
3.06062
0.123359
2.93177
0.0435502
0.0768625
0.0292996
0.0199582
0.182824
-0.956619
-0.645915
0.0272169
0.115615
-0.163939
-1.60479
-0.228127
0.124257
0.0665002
0
-3.08334
0
-0.416667
3.83334
3.54167
-3.75
0.791668
0
0.120773
0
0.25294
0
-0.298371
-0.0201413
0
-0.588407
0.357641
4.30264
5.20604
0
5.17414
-0.417471
-0.143298
0.106221
2.20315
0
-0.548458
0.302991
0.474447
-0.307256
3.51643
0.0452662
-0.128265
