-7.26922e+09
-1.17079e+10
6.53582e+09
7.462e+09
-9.76337e+07
4.71237e+10
3.4048e+09
-4.62904e+10
-2.37923e+09
-1.90204e+11
1.80073e+09
6.68736e+10
4.43806e+10
9.22033e+10
1.90449e+11
-6.29371e+10
2.25784e+10
-6.83077e+09
-2.13262e+09
-6.6432e+10
-4.31751e+10
-9.26356e+10
6.30051e+10
-2.54513e+10
4.03708e+09
-7.29464e+09
7.15534e+09
-1.20101e+10
7.44719e+09
-5.36235e+07
-2.53486e+09
-4.63743e+10
3.36398e+09
4.71545e+10
-1.90292e+11
-9.24845e+10
6.33875e+10
-4.3116e+10
-2.18297e+09
1.90363e+11
-6.65834e+10
4.94142e+09
-2.52529e+10
9.21773e+10
-6.28148e+10
4.45586e+10
1.55529e+09
6.649e+10
-6.53854e+09
2.22602e+10
319103
70039.4
66354.3
322519
133133
-89498.2
-87254.3
-92050.8
-94396.7
0.00679559
0.00679559
0.00679559
0.00679559
-7.27596e-12
0.00679559
0.00679559
0.00679559
0.00679559
-1.52813e+06
-2.52351e+08
-2.61999e+08
-3.1457e+07
1.56896e+08
4.5184e+07
5.12412e+07
5.17874e+07
3.61146e+07
2.09122e+08
1.13122e+08
-5.50352e+07
2.85299e+08
1.01969e+07
9.36212e+07
-6.7535e+07
-4.81333e+07
-4.76947e+07
4.30361e+07
-9.07136e+07
3.25286e+08
1.20231e+08
-7.28428e+07
-5.8675e+07
-5.25278e+07
