6.98191e+16
7.93783e+16
-1.2916e+17
-9.48985e+16
3.18056e+15
8.26499e+15
-6.19885e+16
-1.59057e+16
1.57668e+17
2.65691e+16
5.71539e+16
-4.34873e+16
7.6642e+15
-5.48763e+16
-3.26069e+16
1.61892e+16
-7.33551e+15
1.97034e+16
-2.73972e+16
4.42609e+16
8.15715e+15
6.28452e+16
-5.94305e+16
-1.10029e+16
9.95166e+16
8.30545e+16
-1.38977e+17
1.01502e+17
-1.28019e+17
7.00923e+15
1.68429e+17
-1.06652e+15
-1.13608e+17
1.0327e+16
3.48955e+16
8.08366e+16
-6.97681e+16
4.34108e+15
-5.11471e+16
-4.5678e+16
3.23292e+16
1.35351e+17
-1.72184e+16
-4.7478e+16
3.16074e+16
1.30928e+16
7.89132e+16
-7.77314e+16
-3.98427e+16
-1.21478e+16
6.63026e+07
-8.70813e+07
-5.45799e+07
-3.27048e+08
-1.64319e+08
-6.99748e+08
4.30831e+08
5.10332e+08
-6.434e+08
0.00679555
0.00679556
0.00679555
0.00679556
4.84288e-08
0.00679557
0.00679558
0.00679558
0.00679556
3.15704e+14
3.1836e+13
4.61479e+13
1.89742e+14
2.54332e+14
1.00763e+14
5.00264e+14
-5.60712e+13
-1.29282e+14
-3.50856e+14
-3.48071e+14
3.56765e+14
-8.30621e+13
8.3939e+13
2.61614e+13
-2.03065e+14
-1.73373e+14
-1.85053e+14
3.6597e+12
1.38996e+14
-2.54045e+13
-1.06069e+14
-8.46449e+13
1.94615e+14
2.66003e+13
