-3.21907e+08
-1.99924e+08
5.24521e+07
2.33851e+08
3.38984e+07
-2.94742e+08
-1.84393e+07
3.16211e+08
-2.00739e+08
3.54643e+08
5.84194e+07
-7.82506e+06
2.04665e+08
4.4679e+07
-1.42415e+08
-1.33769e+08
3.05066e+08
-1.56579e+07
-3.47083e+08
3.96475e+08
-2.41291e+08
1.57911e+08
1.77121e+07
-2.39549e+08
-3.92638e+07
-3.18873e+08
-1.30344e+08
-1.0911e+08
3.21712e+08
-7.27331e+07
-1.3842e+08
3.80608e+08
5.20459e+07
-2.50174e+08
4.21225e+08
-1.19141e+08
-1.11053e+08
-2.57798e+08
-7.55224e+07
-1.36795e+08
5.1969e+08
-4.134e+07
-1.07788e+08
-2.13762e+08
3.42983e+06
1.85617e+08
4.21056e+08
-4.01672e+08
6.95305e+06
2.31584e+08
3.12515e+16
3.12514e+16
3.12515e+16
3.12515e+16
3.12515e+16
3.12515e+16
3.12515e+16
3.12515e+16
3.12515e+16
-1.74681e+09
-8.9529e+08
-2.28054e+08
-2.97462e+08
1.32746e+08
1.00311e+09
-1.10784e+08
-1.62655e+08
7.4213e+08
1.30067e+07
1.76904e+07
-3.02923e+07
2.57419e+07
-8.8021e+06
-2.34767e+07
-1.25188e+06
-1.20303e+07
898536
3.2379e+06
1.02896e+07
-1.85215e+07
3.90417e+06
-3.07786e+07
1.44496e+07
1.9637e+07
2.2643e+07
-1.58268e+07
-5.93191e+06
-1.47786e+07
823242
-6.33784e+06
1.41509e+07
5.77837e+06
6.30373e+06
