0
0
-0.109257
0.315959
-0.145015
0
-0.253435
0.107059
-0.203518
0.108118
-0.152478
0.091477
-0.154418
-0.121536
-0.114727
0
0
0.0300493
-0.149928
-0.18976
-0.0820868
0.0062966
0.182493
-0.035288
-0.129738
0
0
0.279923
0.268038
0.163779
0
0.152382
0.309121
0.157778
0.278715
0.164141
0.282214
0.0135217
0.0402522
0.0612086
0
0
-0.00693476
0.16849
0.0702833
0.241401
0.270795
0.308286
0.268202
0.229416
0.656828
-0.0327778
-0.00479428
0.00180758
0.844917
0.731947
1.5713
0.00657658
0.511008
0
-5.73143
0
-0.872269
-5.5011
2.53771
3.93798
6.3269
0
-0.0822144
-9.06441e-05
-0.150308
0
-0.207659
-0.255145
-0.000167073
0.0830232
-0.0611413
0.0857621
-0.0345563
0
-0.00271275
0.0462696
0.013511
-0.0226922
0.0135582
-0.00198733
0.0347781
-0.0614087
-0.0708632
0.118633
-0.356373
0.00520516
0.0475133
