8.49065e+07
6.43509e+07
-2.1882e+08
-3.01622e+07
4.34286e+06
5.2888e+07
8.57108e+07
-1.31203e+08
-1.16771e+08
-1.15127e+08
-6.19506e+07
6.24603e+07
3.73849e+06
8.11559e+07
-4.35077e+06
-1.03404e+08
-1.04034e+07
1.06232e+08
4.7581e+07
-6.26738e+07
2.63763e+07
1.38397e+07
5.50092e+07
5.03633e+07
-1.48403e+08
3.73819e+07
-6.47412e+07
2.2154e+08
-7.71596e+07
-1.19198e+07
-8.69474e+07
-4.32339e+07
1.12034e+08
1.35318e+08
-783898
-8.15069e+07
9.93681e+07
-5.14395e+06
6.64436e+07
1.21728e+08
-6.06506e+07
-1.05758e+08
1.19098e+07
-2.45486e+07
-6.36085e+07
-1.25584e+07
-3.51611e+07
6.09347e+07
1.4718e+08
-5.28922e+07
6.93225e+12
6.93315e+12
6.93267e+12
6.93235e+12
6.93252e+12
6.93236e+12
6.93231e+12
6.93244e+12
6.93258e+12
-5.89244e+07
3.59143e+07
-4.34716e+07
-5.19659e+07
5.3033e+07
2.47262e+06
-2.33908e+06
-1.84335e+07
-1.13202e+07
1.83305e+06
2.85875e+06
3.03932e+07
1.90773e+06
1.1651e+06
598408
692923
2.77512e+06
2.8637e+06
664387
32630.9
-561009
590749
32199
725216
-554816
-524640
-524809
-694503
-319456
3.33118e+06
-532161
-373332
-2.62525e+06
-2.67589e+06
