-4.17439e+15
-7.33048e+14
5.70462e+14
5.26516e+15
4.17805e+15
-3.56419e+15
8.43091e+15
3.84519e+15
-8.88639e+15
9.99019e+15
-2.31342e+15
-7.31946e+15
1.84434e+16
-1.65717e+16
-1.00674e+16
9.05618e+13
5.2364e+15
1.90624e+15
-3.89636e+15
2.4672e+15
-2.31199e+16
1.61505e+16
9.31829e+14
-7.09891e+15
-5.96894e+15
-5.92792e+15
1.06717e+15
-6.60541e+14
6.86954e+15
-2.96773e+15
-9.54722e+15
4.59095e+15
9.7009e+15
-3.54187e+15
9.28159e+15
1.35248e+16
-1.81729e+15
-2.11288e+16
5.66281e+14
-6.31713e+15
2.8835e+15
-5.45948e+15
-5.87126e+15
-1.48991e+16
6.06734e+14
2.23795e+16
3.05247e+15
5.7469e+14
6.39319e+15
6.80415e+15
-1.38075e+08
-2.57434e+08
-2.74824e+08
-1.5109e+08
6.72474e+08
-1.48425e+08
-1.52788e+08
-1.85894e+08
-1.33626e+08
0.00679555
0.00679555
0.00679554
0.00679555
9.31323e-10
0.00679556
0.00679555
0.00679555
0.00679556
6.93809e+13
-3.43989e+13
8.97862e+12
7.35199e+13
3.43581e+13
1.10877e+14
-3.75112e+13
-2.67511e+13
-1.41707e+14
-1.10292e+14
-3.98153e+13
-8.69326e+13
6.36842e+13
-6.65979e+13
-2.27859e+13
4.38437e+12
4.25184e+13
-1.32468e+14
-1.51121e+14
-1.20418e+14
2.71918e+13
2.51237e+14
5.75148e+13
5.67861e+13
6.94145e+13
