-5.9894e+08
1.85742e+08
-9.99002e+07
4.51702e+08
1.44508e+08
6.63294e+08
-3.63581e+08
-6.45076e+08
2.57866e+08
5.83815e+08
-6.57609e+08
1.21746e+08
195349
6.26622e+08
-7.45121e+08
-1.06427e+08
5.54766e+06
-3.26502e+06
6.1104e+08
-1.3601e+08
1.68195e+07
-5.1096e+08
1.30348e+08
2.39571e+07
1.06237e+07
-6.02987e+08
-1.53167e+08
1.17173e+08
4.56471e+08
1.53339e+08
3.37476e+08
-5.5303e+08
-4.20848e+08
5.56078e+08
5.92776e+08
-5.66572e+08
1.2254e+08
-3.92834e+07
6.45458e+08
-7.53288e+08
-1.49309e+08
-1.01572e+06
4.78649e+07
6.10838e+08
-9.51106e+07
5.1385e+07
-5.9238e+08
1.31991e+08
-6.31857e+06
6.04768e+06
-1.82614e+16
-1.82614e+16
-1.82614e+16
-1.82614e+16
-1.82614e+16
-1.82614e+16
-1.82614e+16
-1.82614e+16
-1.82614e+16
-9.87709e+07
3.43731e+08
4.59726e+08
1.50475e+08
1.62772e+08
-9.48433e+07
-2.81142e+08
-2.7195e+08
2.01029e+07
-2.27603e+06
3.44139e+07
-7.07685e+07
-2.83662e+06
4.40968e+06
-3.89652e+06
-4921.27
-7.23192e+06
-598596
-3.66934e+06
-1.4721e+06
3.74857e+06
5.5603e+06
61706.9
-365729
3.52692e+06
-5.94236e+06
-5.98618e+06
-3.06177e+06
2.31267e+06
-5.99333e+06
373581
6.31025e+06
7.19256e+06
3.81604e+06
