-3.28256e+08
3.20951e+07
-1.08321e+07
-2.09442e+08
-1.30178e+08
-4.76222e+07
-1.27264e+08
-1.17215e+07
1.10461e+08
-3.27148e+08
-1.01257e+08
1.47522e+08
1.30396e+08
8.75742e+07
1.16209e+08
1.73868e+08
1.02041e+08
4.05606e+07
9.66722e+07
4.23549e+07
-3.48786e+08
1.68662e+08
-2.23422e+08
-1.89125e+08
2.78093e+06
-2.40225e+08
-1.13453e+07
-562719
3.87665e+08
1.35317e+07
7.13155e+07
1.59945e+08
-3.92656e+07
-5.84093e+07
-1.94707e+08
-7.65007e+07
-2.00326e+08
1.11053e+08
4.31198e+07
3.43559e+08
-9.20852e+07
1.71738e+07
6.35569e+07
-3.99182e+08
1.26733e+08
2.58082e+08
1.2485e+08
-1.45801e+08
2.10153e+06
1.59083e+08
-1.71627e+14
-1.71627e+14
-1.71627e+14
-1.71627e+14
-1.71627e+14
-1.71627e+14
-1.71627e+14
-1.71627e+14
-1.71627e+14
-2.66006e+06
5.38988e+07
8.60746e+07
3.52097e+06
7.33675e+06
-1.56365e+07
-2.01058e+07
-1.57719e+07
-1.03911e+07
-216256
482756
-1.27113e+07
-121706
1.22982e+06
362353
339352
-54488.1
-88699.6
-87458.7
-245711
387504
411843
-281651
-26855.4
364808
-190871
-177261
-292262
440843
-981976
-172529
374717
1.00473e+06
1.07013e+06
