-1.60052e+08
3.21964e+08
1.4967e+08
3.15193e+08
4.07419e+07
-1.79813e+08
2.20356e+08
8.47838e+07
-3.56928e+07
1.66717e+08
-4.13005e+06
-1.53091e+08
1.86511e+07
1.4403e+08
-3.82657e+07
7.87645e+07
2.37114e+08
4.42027e+07
-1.20278e+08
4.08607e+07
6.9285e+07
3.13895e+06
-6.1874e+07
-1.50554e+08
6.20983e+06
-3.0547e+08
-2.58254e+08
-2.61186e+08
1.96423e+08
-1.08041e+08
-9.22735e+07
1.92753e+08
1.868e+07
-1.72708e+08
3.41588e+07
-1.47202e+08
-1.67138e+08
6.07722e+07
7.27886e+07
-1.83943e+08
1.4924e+08
-2.33904e+07
-2.05105e+08
5.89794e+07
1.27398e+08
2.96675e+07
1.68228e+08
5.59703e+06
2.18479e+07
1.50605e+08
1.60136e+16
1.60136e+16
1.60136e+16
1.60136e+16
1.60136e+16
1.60136e+16
1.60136e+16
1.60136e+16
1.60136e+16
7.12122e+07
-6.00038e+07
-2.61408e+08
1.82779e+08
1.834e+07
-9.52352e+06
-1.15513e+08
-4.8983e+07
7.51493e+07
-2.87232e+06
3.83824e+06
-3.36821e+06
-2.84039e+06
-1.20504e+06
-1.71754e+06
366237
-2.54747e+06
-2.9996e+06
-3.58282e+06
301343
3.04194e+06
-654924
181899
-1.96e+06
1.78116e+06
1.101e+06
-838983
1.69051e+06
546810
-2.76184e+06
1.08469e+06
2.96181e+06
1.82784e+06
705954
