-7.81473e+06
-2.11755e+07
2.15252e+07
3.43613e+06
1.70961e+07
-3.04732e+07
6.95178e+06
2.20637e+07
9.18419e+06
-1.23964e+07
-6.96212e+06
1.57547e+06
7.44249e+06
2.96434e+07
-7.6891e+06
-2.15869e+07
3.65469e+07
-8.75938e+06
-1.35883e+07
-3.33361e+06
-3.87645e+06
-765905
3.89713e+07
-2.01681e+07
975255
1.62248e+06
-2.83123e+07
3.55405e+07
4.95046e+07
-7.71657e+06
-4.04902e+06
7.42477e+06
2.70449e+07
5.06399e+07
3.97729e+07
2.73883e+07
-9.82964e+07
-1.13553e+06
798409
-3.13245e+06
-4.67433e+06
-4.09234e+06
2.52553e+07
3.26447e+06
-4.30987e+07
-8.24902e+06
-1.57712e+07
-5.19321e+06
1.09646e+07
-2.55372e+07
-9.93744e+14
-9.93744e+14
-9.93744e+14
-9.93744e+14
-9.93744e+14
-9.93744e+14
-9.93744e+14
-9.93744e+14
-9.93744e+14
-2.08541e+07
-5.80407e+07
9.28e+07
-1.46347e+08
-646740
6.9948e+06
8.49855e+07
5.24328e+07
-4.32385e+07
4.42019e+06
1.46828e+06
36474.5
-653962
323036
910247
2.02255e+06
-3.62278e+06
395385
1.5084e+06
-3.83615e+06
2.33301e+06
-28945.2
3.56762e+06
809571
-5.22842e+06
-1.51579e+06
1.83354e+06
-1.95469e+06
1.5731e+06
1.35589e+06
-93732.1
-403823
-1.38664e+06
229682
