-3.85469e+07
5.93251e+07
-7.28734e+07
-3.90705e+07
-2.68813e+06
4.91714e+07
2.39238e+07
-8.25662e+07
-4.29194e+07
-2.43767e+07
-7.17783e+06
-4.85597e+06
-1.72881e+07
-3.75807e+07
-1.97107e+07
8.62961e+07
-6.1192e+07
1.76679e+07
-6.17145e+06
1.54507e+06
2.307e+07
2.54079e+07
-6.00825e+06
5.12367e+07
-2.15219e+07
2.82059e+07
6.35956e+06
3.81978e+07
5.95451e+07
-2.27336e+07
-9.22619e+06
4.81845e+07
4.74226e+07
6.73239e+07
6.12066e+07
-4.94102e+06
-1.29207e+08
-6.49047e+06
4.62021e+06
3.95504e+07
-1.36506e+07
1.17232e+07
-1.91594e+07
1.34035e+07
-1.06418e+08
-2.04113e+07
-2.2293e+07
-2.75234e+07
1.16902e+06
-1.31145e+07
3.66839e+14
3.66839e+14
3.66838e+14
3.66838e+14
3.66839e+14
3.66839e+14
3.66838e+14
3.66839e+14
3.66839e+14
-3.34963e+08
-1.38875e+07
4.09536e+07
4.10677e+08
6.62288e+07
2.73808e+08
-3.71778e+08
-4.26686e+08
3.327e+08
2.14126e+06
1.29202e+06
-3.41711e+06
-6.95961e+06
-339250
-2.15731e+06
-2.21013e+06
1.81594e+06
-103178
-5.38931e+06
4.65915e+06
-116941
269604
-6.71999e+06
3.07113e+06
5.99568e+06
3.92827e+06
-3.16219e+06
5.10914e+06
-1.08983e+07
-810249
-3.55808e+06
1.03889e+07
5.72394e+06
-5.01896e+06
