0
0
0.124979
0.0416092
-1.39685
0
-0.72695
0.0833885
-0.503116
0.208432
0.271881
0.104088
5.80835
5.80839
5.80831
0
0
2.96131
0.271669
3.18038
0.20823
0.208328
0.270945
0.270832
0.43753
0
0
0.0417005
0.0415156
-1.3968
0
-0.643646
8.11975e-05
-0.586533
0.20832
0.271819
0.270858
5.80825
5.80817
5.80825
0
0
3.12798
0.271918
3.0137
0.208338
0.208492
0.104239
0.104154
0.270815
-0.95793
-0.645642
0.0212451
0.045495
-0.205304
-1.6038
-0.268003
0.0657722
0.0631791
0
-3.08334
0
-0.416667
3.83334
3.54167
-3.75
0.791668
0
0.0852819
0
0.0939542
0
-1.20412
-0.378353
0
-0.573201
0.0988492
5.35558
5.43715
0
5.36294
0.24441
0.197186
0.26669
2.36582
0
0.174588
0.277811
0.237105
0.224832
2.97932
0.261468
0.251076
