7.03659e+16
7.95575e+16
-1.288e+17
-9.57314e+16
3.95918e+15
8.1947e+15
-6.27196e+16
-1.54724e+16
1.57787e+17
2.95314e+16
5.79033e+16
-3.91961e+16
6.66124e+15
-5.46259e+16
-3.15497e+16
1.67044e+16
-7.50116e+15
1.90912e+16
-2.96026e+16
4.47323e+16
7.7757e+15
6.17998e+16
-5.91561e+16
-1.13065e+16
9.98512e+16
8.31261e+16
-1.38937e+17
1.01157e+17
-1.29705e+17
8.78467e+15
1.68766e+17
-2.33384e+15
-1.14002e+17
1.01989e+16
3.73678e+16
8.25132e+16
-6.71327e+16
3.8454e+15
-5.05696e+16
-4.51319e+16
3.33519e+16
1.35577e+17
-1.70142e+16
-4.5654e+16
3.11001e+16
1.30707e+16
8.12853e+16
-7.80205e+16
-4.26236e+16
-1.28928e+16
5.25541e+07
-6.49823e+07
-5.68808e+06
-2.66958e+08
-2.98956e+08
-6.93002e+08
4.47032e+08
5.1391e+08
-6.53182e+08
0.00679554
0.00679556
0.00679555
0.00679556
5.68107e-08
0.00679558
0.0067956
0.00679557
0.00679556
1.33246e+14
3.06167e+14
8.98912e+13
-1.21316e+14
3.40684e+14
-1.00482e+14
1.07129e+15
1.89285e+14
-2.00867e+13
-8.77369e+14
-5.23662e+14
2.71465e+14
-5.54255e+14
-2.22363e+14
-3.6396e+14
-3.82599e+14
-8.6976e+14
-1.51504e+14
-5.49e+14
-1.21215e+14
-7.43648e+14
-5.34326e+14
-4.49405e+14
-1.70601e+14
2.25026e+14
