0
0
0.0245316
0.22315
-0.00844325
0
-0.0300418
0.0663572
0.018818
0.0837178
-0.0151324
0.113774
-0.0377354
-0.0210371
-0.00256023
0
0
-0.0170755
0.00731591
0.000230116
0.026269
0.0435293
0.118804
0.0336811
0.0277305
0
0
0.00528667
0.0280286
0.0131939
0
0.0153234
0.0077662
0.0091779
0.0223718
0.0192557
0.031778
-0.00019392
0.0101332
0.0123767
0
0
-0.0100857
0.0102843
0.0126964
0.00393993
0.00883745
0.0168166
0.00367867
0.00334589
0.0777957
-0.0850112
-0.000593636
-0.000794928
-0.0764845
0.0552476
0.361944
0.00211758
-0.0724662
0
-0.63875
0
-0.781572
-0.910989
0.27564
0.772867
1.5671
0
-0.0137747
-1.87863e-07
-0.0332579
0
-0.0442341
-0.0372115
-1.87863e-07
0.00250276
-0.0155957
0.0251232
-0.00280215
0
0.00371804
0.00519166
0.00459778
-0.00613441
0.00171602
-1.45771e-06
0.00879873
-0.0143914
-0.0125
0.011668
-0.0564185
-0.000309506
0.0103756
