1.29448e+08
-2.38268e+08
1.51227e+08
-1.64536e+09
1.31191e+08
3.74607e+08
-4.43818e+08
-6.40759e+08
8.93453e+07
3.78774e+08
1.04314e+09
6.8554e+08
3.90757e+08
1.01786e+09
-8.88844e+08
-1.25178e+08
-2.96519e+07
-9.12455e+08
-2.27717e+09
-2.45952e+08
-1.57386e+09
-8.68154e+08
-1.54047e+08
-5.86296e+08
3.08159e+08
1.63323e+09
2.39583e+08
-1.52024e+08
-1.38834e+08
-1.28275e+08
4.44266e+08
-3.66016e+08
-1.00175e+08
6.5394e+08
8.86383e+08
-1.01493e+09
1.34475e+08
-3.89768e+08
-1.08175e+09
-3.95593e+08
-7.12687e+08
9.17411e+08
3.66258e+07
8.61099e+08
1.55516e+08
1.58774e+09
2.23204e+09
2.2691e+08
-3.03132e+08
5.96096e+08
111040
55958.3
35485.2
110774
-106970
44622.4
44489.8
38383.4
38699
0.00679559
0.00679559
0.00679559
0.00679559
-3.18323e-12
0.00679559
0.00679559
0.00679559
0.00679559
4.31504e+07
-5.67601e+07
-3.92137e+07
4.33671e+07
9.38338e+07
-7.08562e+06
-7.43643e+06
-2.22073e+07
-2.19785e+07
8.40452e+07
8.68137e+07
2.96117e+07
-5.41416e+07
8.72302e+07
8.34838e+07
2.92837e+07
2.26629e+06
1.59849e+06
1.6032e+08
2.36957e+07
6.90767e+06
1.60045e+08
2.35963e+07
-2.60093e+07
-2.5231e+07
