0
0
0.643143
2.96976
0.395476
0
0.481481
1.3081
0.692911
1.54743
0.507314
1.9184
-0.0487871
0.0736524
0.230315
0
0
0.0273981
0.482967
0.36911
0.720043
1.01622
1.89982
0.801575
0.742953
0
0
-0.189692
-0.514665
-0.117161
0
-0.115115
-0.235448
-0.135758
-0.233036
-0.0796884
-0.190267
-0.11999
-0.0336487
-0.00428448
0
0
-0.195813
-0.12105
0.00178852
-0.257037
-0.250313
-0.350031
-0.249598
-0.2375
-0.138976
-1.78363
0.00552106
-0.00676355
-2.60223
-0.732917
1.70582
0.0389152
-1.22467
0
-3.8355
0
-9.52326
-6.41848
4.07902
3.87178
16.3374
0
-0.0636229
-9.40956e-05
-0.261304
0
-0.42167
-0.438086
-0.000231582
-0.0593463
-0.120538
0.258699
0.0900442
0
0.0778226
-0.0322234
0.00988762
-0.0507173
0.0465972
-0.00230453
0.126447
-0.0780698
-0.0930728
-0.0384767
-0.428139
0.0301861
0.103703
