0
0
0.00403018
0.0480293
-0.00344815
0
-0.00877841
0.0135959
0.00256665
0.0172231
-0.00508632
0.0236255
-0.00945458
-0.00564544
-0.0015206
0
0
-0.00370949
0.000163576
-0.00129941
0.00444098
0.00827704
0.0248983
0.0062011
0.00472472
0
0
0.00245999
0.00792444
0.00388761
0
0.00432311
0.00317372
0.00297045
0.00646996
0.00525062
0.00862729
0.000244914
0.00266217
0.00325858
0
0
-0.00204938
0.00325874
0.00337224
0.00209125
0.00333463
0.0053438
0.00207683
0.00187829
0.0219375
-0.0156699
-0.000173443
-0.000164604
-0.0110306
0.018276
0.0893511
0.000470507
-0.0147529
0
-0.170606
0
-0.172822
-0.232031
0.0744732
0.191091
0.378867
0
-0.00328692
-9.39314e-08
-0.00833006
0
-0.0106904
-0.00919145
-9.39314e-08
0.000687634
-0.00360763
0.00586617
-0.000861717
0
0.000772602
0.00148128
0.00111365
-0.00167954
0.000434146
-6.1767e-07
0.00199925
-0.00346347
-0.00324354
0.00327511
-0.0141482
-1.35677e-05
0.00259281
