8.63157e+06
-6.48158e+06
6.49959e+06
-8.5474e+06
-79050.7
1.55868e+06
-7.87686e+06
-1.20789e+06
8.07826e+06
-9.2133e+06
-7.50454e+06
-5.531e+06
-7.3568e+06
-1.76771e+06
9.3093e+06
5.60016e+06
-8.25472e+06
-6.57171e+06
7.55623e+06
5.492e+06
7.28936e+06
1.77433e+06
-5.7881e+06
8.21939e+06
6.61085e+06
8.51603e+06
6.68088e+06
-6.74258e+06
-8.52374e+06
-689.563
7.9452e+06
-1.28713e+06
-8.0687e+06
1.18419e+06
-9.26285e+06
1.74997e+06
-5.78905e+06
7.26434e+06
7.46689e+06
9.18216e+06
5.52505e+06
6.76714e+06
8.03579e+06
-1.66643e+06
5.73494e+06
-7.31016e+06
-7.58117e+06
-5.50655e+06
-6.7374e+06
-8.08771e+06
-3.48018e+14
-3.48018e+14
-3.48018e+14
-3.48018e+14
-3.48018e+14
-3.48018e+14
-3.48018e+14
-3.48018e+14
-3.48018e+14
-1.16246e+08
-2.11879e+07
2.32541e+07
1.17384e+08
1.45304e+06
1.0633e+08
-1.20392e+08
-1.26428e+08
1.36138e+08
271123
1.13599e+06
505851
1.32971e+06
854269
3.35181e+06
5.23465e+06
-1.44616e+06
-3.83103e+06
893382
4.24225e+06
325162
1.03924e+06
1.18533e+06
698870
-1.21126e+06
1.44937e+06
3.08959e+06
-2.96365e+06
1.37652e+06
602459
787596
2.88808e+06
384486
-1.63019e+06
