-2.56493e+07
-2.42321e+06
1.47018e+06
2.58887e+07
674706
-4.52433e+06
2.98961e+07
3.29305e+06
-2.63255e+07
1.12917e+07
-4.98732e+07
-2.43316e+07
5.5582e+07
-6.3411e+07
-1.00331e+07
-2.00078e+07
2.91714e+07
2.90381e+07
5.1648e+07
2.44318e+07
-4.93514e+07
6.46485e+07
2.13845e+07
-2.76059e+07
-2.58809e+07
-2.75103e+07
1.03428e+06
-1.03629e+06
2.80499e+07
-130745
-2.27782e+07
-1.32371e+06
2.26454e+07
53251.4
386660
6.15607e+07
1.98522e+07
-4.97633e+07
5.76308e+07
42130.4
2.59573e+07
-2.35644e+07
-2.74628e+07
-6.06285e+07
-1.8673e+07
5.03688e+07
-5.60159e+07
-2.59872e+07
2.40787e+07
2.74536e+07
-8688.01
-12447.1
-12447.1
-8699
29890
-7732.04
-7737.95
-7738.3
-7731.81
0.00679559
0.00679559
0.00679559
0.00679559
3.97904e-13
0.00679559
0.00679559
0.00679559
0.00679559
7.94358e+06
1.14575e+06
1.0308e+06
7.80772e+06
-1.60828e+07
1.76817e+06
1.00805e+06
1.7254e+06
1.1842e+06
-1.89305e+06
-1.40179e+07
1.38857e+06
-7.7868e+06
-1.27402e+07
-1.70788e+06
1.2123e+06
-4.69774e+06
-4.26459e+06
-1.36111e+07
1.25242e+06
-7.08022e+06
-1.35039e+07
1.28663e+06
-4.28097e+06
-4.47492e+06
