-3.90491e+15
-7.67308e+14
6.70097e+14
5.29169e+15
4.24324e+15
-3.58687e+15
8.2467e+15
3.93662e+15
-9.08226e+15
9.81274e+15
-2.46603e+15
-7.64289e+15
1.82981e+16
-1.65088e+16
-9.74104e+15
1.54754e+14
5.22382e+15
1.79337e+15
-3.98753e+15
2.52705e+15
-2.32182e+16
1.62808e+16
1.10371e+15
-7.12261e+15
-6.03458e+15
-6.02621e+15
1.06528e+15
-7.31395e+14
6.72682e+15
-2.99142e+15
-9.42144e+15
4.53834e+15
9.80748e+15
-3.542e+15
8.82677e+15
1.33885e+16
-2.10412e+15
-2.105e+16
5.05518e+14
-6.30413e+15
2.9123e+15
-5.40232e+15
-5.89926e+15
-1.48971e+16
5.60785e+14
2.26026e+16
3.14102e+15
5.21583e+14
6.56886e+15
6.85153e+15
-1.37234e+08
-2.48122e+08
-2.54691e+08
-1.48287e+08
6.59303e+08
-1.52075e+08
-1.43379e+08
-1.85703e+08
-1.19887e+08
0.00679555
0.00679555
0.00679555
0.00679554
1.86265e-09
0.00679556
0.00679555
0.00679556
0.00679555
2.45612e+13
-1.23026e+13
3.15215e+13
1.39639e+14
9.51823e+12
-8.11276e+13
1.07034e+14
-2.14387e+14
6.16009e+13
-1.5495e+14
1.54652e+14
4.46196e+13
-1.65446e+14
-3.21502e+14
-1.39657e+14
-9.26461e+13
-6.54421e+13
-2.75992e+14
1.17589e+14
-9.00479e+13
2.69757e+13
-8.57895e+13
5.22449e+13
1.16649e+14
7.88788e+13
