-3.33709e+15
-1.46985e+15
1.70245e+15
4.92846e+15
4.65741e+15
-4.14177e+15
7.8833e+15
4.43836e+15
-7.67477e+15
9.17988e+15
-1.47548e+15
-8.41304e+15
1.87491e+16
-1.61318e+16
-8.93421e+15
-5.49611e+14
5.57438e+15
1.19287e+15
-2.76478e+15
2.63384e+15
-2.29371e+16
1.7876e+16
1.82404e+15
-7.18283e+15
-5.90596e+15
-5.7365e+15
1.10307e+15
-8.52676e+14
6.63134e+15
-3.21995e+15
-8.80357e+15
4.28747e+15
9.23218e+15
-4.06651e+15
8.25549e+15
1.26134e+16
-2.57114e+15
-2.11256e+16
-5.73579e+14
-5.42336e+15
3.90934e+15
-5.26083e+15
-5.84136e+15
-1.45012e+16
8.53522e+14
2.28229e+16
3.06073e+15
2.63134e+14
6.61871e+15
7.05768e+15
-1.42109e+08
-2.79039e+08
-3.1438e+08
-1.55066e+08
6.86572e+08
-1.5211e+08
-1.79967e+08
-1.83488e+08
-1.84681e+08
0.00679555
0.00679555
0.00679555
0.00679555
-9.31323e-09
0.00679555
0.00679555
0.00679556
0.00679555
2.2547e+14
7.32795e+12
2.71316e+13
1.35388e+14
-6.63221e+13
-2.14255e+14
8.22311e+13
-1.73892e+14
-1.46194e+13
-1.61117e+14
1.98103e+14
-8.45061e+13
-7.36036e+13
-3.91168e+14
-4.40931e+13
-3.09218e+13
-1.19574e+14
-2.27425e+14
1.04559e+14
-1.28832e+14
7.52831e+13
3.88719e+13
3.44983e+13
1.36504e+14
-1.34828e+13
