4.46215e+08
4.77139e+07
1.75148e+07
-5.32008e+08
-2.43717e+08
4.23767e+08
-5.62859e+08
-1.98723e+08
1.80215e+08
-4.42471e+08
7.49113e+07
1.29304e+08
1.90434e+08
-2.67268e+08
2.07239e+08
-4.42982e+08
-2.83159e+08
-4.22769e+07
1.52727e+08
7.09228e+07
9.48012e+07
899568
1.94481e+08
9.21476e+07
5.22733e+07
3.96149e+08
8.01626e+06
-5.86626e+07
-3.38601e+08
-4.32579e+07
5.56261e+08
-1.40892e+08
-2.19935e+08
1.05871e+08
-2.46498e+08
1.19009e+08
1.48592e+08
-4.61976e+07
-4.09332e+06
2.09643e+08
-1.97974e+08
3.40695e+07
3.33175e+08
2.17232e+08
6.15072e+07
1.38353e+08
-1.65074e+08
-1.91434e+07
-2.32752e+07
-9.0181e+07
1.13522e+16
1.13522e+16
1.13522e+16
1.13522e+16
1.13522e+16
1.13522e+16
1.13522e+16
1.13522e+16
1.13522e+16
-1.12513e+07
-4.52717e+07
-4.20946e+07
-8.40944e+07
-5.30571e+07
2.50255e+07
7.4948e+07
9.38294e+07
4.99728e+06
1.90635e+06
-41196.6
964206
297103
-130723
1.36947e+06
36382.2
572923
-1.07205e+06
1.56004e+06
-670245
-921635
65350
352007
769796
-1.60708e+06
-766463
1.12188e+06
174272
-750570
281422
-490237
-818853
-1.87804e+06
1.60529e+06
