3.19732e+14
3.59664e+14
3.11342e+15
-5.17789e+15
5.01381e+15
3.45147e+14
-5.03325e+15
-2.37139e+16
3.3394e+15
-8.1159e+15
4.31353e+15
-7.22921e+15
-3.39302e+15
-6.44162e+15
1.52222e+15
-3.80409e+15
-5.18783e+14
-3.94001e+15
5.07045e+14
-2.40437e+15
4.2513e+15
-9.36479e+15
-2.02823e+16
-8.4782e+15
7.62524e+14
7.11047e+14
6.04125e+14
6.2285e+15
-1.07784e+16
9.78349e+15
7.62549e+13
-3.15059e+15
-8.55982e+16
5.90363e+15
-8.0177e+15
-2.49045e+15
-1.45448e+16
-1.24097e+16
-1.09833e+16
1.87483e+15
-8.11735e+15
7.56901e+14
-6.35772e+15
1.53665e+16
2.17885e+15
-2.83878e+16
-1.66765e+16
-3.41225e+16
-3.00906e+16
-6.82568e+14
1.47857e+08
3.92003e+07
-1.28617e+08
1.79047e+08
-4.06385e+07
4.03241e+07
-4.99005e+07
-2.52819e+08
-4.94724e+07
0.00679555
0.00679555
0.00679555
0.00679555
4.07454e-10
0.00679555
0.00679555
0.00679555
0.00679555
1.94461e+12
-3.14294e+13
-8.62365e+13
-2.3685e+13
-1.3838e+13
-3.59124e+12
4.69279e+12
3.67776e+13
1.20558e+14
-1.5043e+13
-2.84027e+13
-3.62537e+13
-1.10844e+13
-6.19319e+13
3.40487e+13
-3.65105e+13
-3.6778e+12
-1.14896e+13
9.58463e+13
8.88906e+13
3.53117e+14
2.28973e+13
4.65787e+13
1.10648e+14
3.91719e+13
