-1.05385e+16
4.93823e+14
1.82978e+16
6.45735e+15
3.34871e+15
3.19807e+16
-3.22529e+16
-3.55938e+16
3.39448e+16
-3.71447e+16
-3.01753e+16
-5.32519e+16
2.55031e+15
7.83621e+15
3.61148e+16
3.92349e+16
6.60338e+16
-3.27676e+16
2.87655e+16
4.8018e+16
-4.82515e+15
-8.92463e+15
-4.9246e+16
-6.68189e+16
4.52366e+16
-1.04385e+16
1.14503e+16
5.50234e+15
6.99594e+15
5.43527e+15
3.34404e+16
-2.76671e+16
-4.0011e+16
3.01088e+16
-3.81428e+16
-1.11557e+16
-5.10275e+16
-1.85148e+15
2.64352e+16
3.55349e+16
4.3205e+16
3.79056e+16
-5.4473e+16
6.47127e+15
3.98978e+16
7.46973e+14
-3.17843e+16
-5.57253e+16
-3.88807e+16
8.07431e+16
-2.58247e+07
-1.68133e+08
-2.04485e+08
-5.04877e+07
-1.07064e+08
-2.807e+08
-2.72767e+08
-3.30669e+08
-2.97141e+08
0.00679555
0.00679555
0.00679556
0.00679555
-5.23869e-09
0.00679555
0.00679556
0.00679555
0.00679555
-8.1685e+13
2.93229e+13
1.67865e+14
-8.61696e+13
7.24807e+13
-1.12367e+14
-2.93482e+13
1.99221e+13
1.05273e+14
7.66499e+13
-5.13747e+13
-2.11257e+14
-2.17729e+14
-5.77694e+13
1.79174e+14
-1.98595e+14
3.8224e+13
-2.31845e+13
4.7596e+14
1.2436e+14
-7.90054e+13
3.73987e+14
1.38579e+14
-1.21143e+14
-1.32754e+14
