-144297
103431
-37207.6
362856
74404.7
28432.4
113490
147168
-52501.1
-84690.3
-115552
71443.5
-26729
3487.66
107186
135010
-93644.6
65950.5
66531.7
-62055.2
2591.58
120246
-258804
70558.5
-55931.7
-363006
-103725
37220.7
142661
-76291
-114324
-28863.1
51474.2
-147076
-106212
-6302.08
-132604
26734.9
117077
85503.2
-71685.8
-65928.4
92902.7
-122987
260521
-2414.21
-64726.4
61726.8
55990.6
-71453.7
6.11448e+08
6.11746e+08
6.1291e+08
6.11452e+08
6.13457e+08
6.12228e+08
6.12229e+08
6.12217e+08
6.12212e+08
2249.37
-153027
-108002
-466.984
-92268.4
74396.1
76009.4
60982
58970.7
-7065.31
12176.1
13714
-7111.29
-10417.5
-6681.14
-6656.96
-6461.35
-6505.38
1572.59
1149.71
-3043.02
1248.8
1184
1538.26
-3038.57
-2270.3
-2222.67
997.551
-2943.75
1746.01
947.326
-2942.45
-2538.42
-2567.44
