-9.79444e+15
-1.40533e+15
1.85489e+16
6.56244e+15
3.48189e+15
3.17336e+16
-3.29907e+16
-3.46768e+16
3.33747e+16
-3.35867e+16
-3.19564e+16
-5.24699e+16
-2.91767e+14
5.10863e+15
3.07927e+16
3.55969e+16
5.994e+16
-3.614e+16
2.792e+16
4.77721e+16
-4.40466e+15
-1.03433e+16
-4.93178e+16
-6.46131e+16
4.59656e+16
-1.01009e+16
1.30981e+16
4.20352e+15
6.83548e+15
5.15529e+15
3.28469e+16
-2.95825e+16
-3.93406e+16
3.04683e+16
-3.26745e+16
-1.28102e+16
-4.87986e+16
-2.85221e+14
2.56553e+16
3.14812e+16
4.17659e+16
4.22796e+16
-4.78189e+16
6.35657e+15
4.00159e+16
3.93235e+14
-3.24592e+16
-5.57931e+16
-3.79722e+16
8.02154e+16
-1.01775e+07
-1.42649e+08
-2.76046e+08
-2.6804e+07
-3.72434e+07
-2.91791e+08
-3.12752e+08
-3.43366e+08
-3.12845e+08
0.00679555
0.00679555
0.00679555
0.00679554
-5.58794e-09
0.00679555
0.00679555
0.00679554
0.00679555
3.9273e+13
-7.85679e+13
4.64976e+13
-2.10766e+14
2.01549e+14
-9.50442e+13
-8.796e+13
7.39248e+13
5.35455e+13
-5.60904e+13
-2.11968e+14
-1.75457e+14
-3.63916e+14
-1.16811e+14
2.2626e+14
-1.82731e+14
2.85311e+12
-9.97289e+13
1.66197e+14
5.7162e+13
1.08493e+14
1.26375e+14
8.26422e+13
1.50226e+14
1.03526e+14
