1.74359e+14
3.69338e+14
3.21454e+15
-5.25519e+15
4.80207e+15
3.29965e+14
-5.03793e+15
-2.31272e+16
3.16719e+15
-8.33764e+15
4.51842e+15
-7.19229e+15
-3.21422e+15
-6.43933e+15
1.2458e+15
-3.76397e+15
-3.83795e+14
-3.86826e+15
5.05074e+14
-2.45034e+15
3.51488e+15
-8.59061e+15
-1.91627e+16
-9.28116e+15
-5.71552e+14
5.48573e+14
6.15911e+14
6.13466e+15
-1.11046e+16
9.9898e+15
-3.67787e+13
-3.15597e+15
-8.54163e+16
6.44345e+15
-7.9319e+15
-2.55088e+15
-1.45121e+16
-1.22493e+16
-1.11362e+16
2.1377e+15
-8.56873e+15
7.69371e+14
-6.35137e+15
1.60659e+16
2.58586e+15
-2.7479e+16
-1.60594e+16
-3.23659e+16
-2.89515e+16
1.81157e+15
1.45286e+08
3.59601e+07
-1.12829e+08
1.75482e+08
-4.15327e+07
4.02613e+07
-4.80778e+07
-2.46716e+08
-1.48916e+07
0.00679555
0.00679555
0.00679555
0.00679555
1.39698e-09
0.00679555
0.00679555
0.00679555
0.00679555
5.89236e+12
-2.90226e+13
-2.44358e+14
-3.03171e+13
-1.99977e+13
-5.01809e+12
5.56685e+12
5.50929e+13
1.94584e+14
-8.28528e+12
-3.19994e+13
-4.10735e+13
-1.46477e+13
-6.07513e+13
3.01044e+13
-4.2367e+13
-3.76502e+12
-7.99997e+12
9.62406e+13
8.37171e+13
4.18866e+14
3.58817e+13
7.53655e+13
-2.64018e+13
-1.0131e+14
