353225
-139757
139775
-353195
-48.624
230639
-495901
-230684
495944
-1.86521e+06
-1.86964e+06
-1.69073e+06
-1.86942e+06
-3660.86
1.86637e+06
707309
-1.16064e+06
-1.71315e+06
1.87082e+06
1.69137e+06
1.87067e+06
4711.77
-706744
1.16132e+06
1.71387e+06
353225
139775
-139756
-353195
-49.1647
495946
-230684
-495899
230638
-1.86521e+06
4707.59
-706746
1.87066e+06
1.87082e+06
1.86636e+06
1.69137e+06
1.71387e+06
1.16131e+06
-3663.45
707308
-1.86942e+06
-1.86964e+06
-1.69073e+06
-1.71315e+06
-1.16064e+06
-1679.21
-887.178
-887.177
-1679.21
-4531.85
-2416.25
-2416.26
-2416.26
-2416.25
0.249929
0.249929
0.249929
0.249929
-1.11022e-16
0.249929
0.249929
0.249929
0.249929
8.28879
-3.73947
-5.05679
10.0568
-20.0741
0.754167
1.59099
2.43543
1.83956
52.6662
30.8783
35.5505
54.0894
28.7547
49.5556
32.0073
37.8319
37.6339
29.6579
32.5666
56.0033
30.38
34.2802
36.7839
36.5484
