6.46961e+07
-1.8176e+08
2.48944e+08
7.58676e+07
5.87386e+07
-1.48937e+08
-6.21297e+07
2.72512e+08
2.44143e+08
2.39171e+07
7.05537e+06
-3.56772e+06
5.01991e+07
1.19414e+08
7.37464e+07
-2.30538e+08
1.70306e+08
-7.6738e+07
-3.77612e+07
2.60768e+07
-7.21859e+07
-2.23071e+06
3.15711e+07
-8.94901e+07
4.40928e+07
-1.01967e+08
-1.29986e+06
-7.34075e+07
-5.17178e+07
8.94552e+07
7.563e+07
-6.58445e+07
-9.06586e+07
-1.66064e+08
-9.31785e+07
7.29508e+07
1.61884e+08
2.60493e+07
-2.22621e+07
-1.05553e+08
5.82451e+07
-3.0531e+07
8.50658e+07
1.46912e+07
2.22906e+08
4.65102e+07
-8.20611e+06
4.06819e+07
-3.0109e+07
3.83471e+07
3.01039e+15
3.01039e+15
3.01039e+15
3.01039e+15
3.01039e+15
3.01039e+15
3.01039e+15
3.01039e+15
3.01039e+15
1.60855e+08
-1.24404e+08
4.13241e+08
5.48233e+07
2.15864e+08
-1.38781e+08
-6.76914e+07
-1.04757e+08
-3.60564e+08
-1.4177e+07
1.87421e+06
-6.37674e+06
-3.4216e+06
-1.09565e+06
-658528
-732982
-5.35658e+06
-8.25036e+06
-1.3118e+06
3.23392e+06
-716956
-1.49847e+06
-3.144e+06
-5.31841e+06
5.95075e+06
464913
2.36693e+06
-3.35714e+06
1.13256e+07
1.88807e+06
1.43177e+06
-905540
-2.97499e+06
894609
