40093
7.22131e+06
-5.17797e+07
1.57112e+06
-2.44656e+06
-1.63141e+06
470233
-539261
1.69114e+06
971235
5.1403e+06
-1.1111e+06
-998141
-4.43435e+06
3.98601e+06
-45711.4
2.38326e+06
533116
-1.34804e+06
1.25405e+06
3.10566e+06
-2.55257e+06
830620
-5.566e+06
-1.37692e+07
-1.01347e+07
-809349
4.54224e+07
-2.60733e+06
-6.53444e+06
-8.02974e+06
1.85999e+06
-2.71182e+06
-698234
-2.02895e+06
8.34063e+06
1.71343e+06
1.01162e+06
-1.8679e+06
-2.44756e+06
6.262e+06
-5.49694e+06
-2.11259e+06
6.71206e+06
-36463.1
-4.766e+06
2.27268e+06
1.85374e+06
6.09191e+06
1.13227e+07
1.90571e+14
1.90571e+14
1.90571e+14
1.90571e+14
1.90571e+14
1.90571e+14
1.90571e+14
1.90571e+14
1.90571e+14
2.7718e+06
1.17782e+06
4.91739e+06
-1.58346e+06
2.80381e+06
-4.42758e+06
-989821
1.49834e+06
-4.51251e+06
-36818
652160
-460721
-1570.35
7371.92
19018.6
55568.2
-71588
-284682
-25611.1
-40346.5
71825.6
66818.5
18654.7
-59569.1
60414
-62958.4
-62998
31381.1
13758.5
-10871
-11057.6
25325.9
-178852
191831
