2.43971e+07
-1.37901e+07
-1.08436e+07
1.50159e+07
-1.38999e+08
1.14824e+08
-1.30103e+07
-1.5133e+08
-1.863e+08
-1.47115e+07
5.53479e+07
2.6731e+07
-3.34232e+07
-4.22796e+07
1.14001e+08
-2.11931e+08
-2.33553e+07
6.99319e+07
9.25711e+07
-6.05763e+07
2.64214e+07
-1.98289e+08
1.85828e+08
-8.83143e+07
-1.15582e+07
-1.8334e+08
-2.17975e+07
-2.7103e+07
1.24934e+08
-3.04117e+07
-1.15605e+08
4.99227e+07
1.56601e+07
-1.57717e+08
9.77573e+07
-9.14216e+07
-8.56475e+06
-7.11401e+06
5.71297e+07
-1.41721e+08
-7.3678e+06
4.56884e+06
-8.50178e+07
-9.07506e+07
3.79963e+08
2.54368e+07
7.02338e+07
9.66412e+06
-1.92136e+06
5.14337e+07
-1.18162e+16
-1.18162e+16
-1.18162e+16
-1.18162e+16
-1.18162e+16
-1.18162e+16
-1.18162e+16
-1.18162e+16
-1.18162e+16
1.06665e+09
4.02439e+08
5.40788e+08
-3.69786e+07
-3.12868e+08
-6.12969e+08
5.04503e+08
9.54267e+07
-3.62085e+08
-3.55292e+06
1.5553e+07
-87204.2
-2.56052e+06
3.5663e+07
1.43895e+06
-1.06144e+07
1.71051e+07
2.15175e+07
287535
-1.46053e+07
1.31274e+07
3.65083e+06
1.307e+07
-8.04777e+06
-1.36717e+06
-1.54403e+07
1.79019e+06
4.97243e+06
6.98708e+06
-6.12649e+06
9.56309e+06
2.07825e+06
-4.78923e+06
-1.04976e+07
