146.828
-58.5572
58.7323
-146.642
-0.0253372
95.7398
-206.564
-95.5978
206.754
-762.976
-764.908
-697.582
-764.841
-1.35061
763.958
288.627
-475.863
-707.49
765.901
698.44
765.869
2.27581
-287.811
476.735
708.387
146.823
58.7323
-58.5563
-146.642
-0.0244753
206.755
-95.5978
-206.564
95.7401
-762.976
2.27581
-287.811
765.869
765.903
763.958
698.44
708.387
476.735
-1.34888
288.627
-764.842
-764.908
-697.582
-707.49
-475.863
34.1175
18.0893
18.0893
34.1176
91.4086
48.958
48.9581
48.9581
48.958
0.249929
0.249929
0.249929
0.249929
-1.52873e-17
0.249929
0.249929
0.249929
0.249929
0.376678
0.381868
0.38186
0.376937
-0.0189631
0.242095
0.242628
0.242681
0.242021
-0.0323002
-0.00186455
0.186633
-0.2409
-0.0028949
-0.0338693
0.184575
0.123657
0.123759
-0.0029662
0.184455
-0.240908
-0.00179524
0.186778
0.123516
0.12382
