-2.61499e+08
6.13608e+07
1.80446e+08
3.69061e+08
3.38304e+07
3.50048e+08
-6.01281e+08
-6.11125e+08
1.7612e+08
-2.48212e+08
2.81922e+08
2.41105e+08
3.06e+07
2.07275e+07
1.31502e+08
6.16614e+07
1.05301e+08
1.40321e+08
-2.96651e+08
4.32833e+07
2.93841e+07
1.65405e+08
2.60281e+08
-2.09556e+07
2.54289e+08
1.20903e+08
-6.82127e+07
6.00437e+07
6.63983e+08
3.04736e+08
3.10759e+08
-7.99238e+08
-1.29961e+09
-4.60234e+07
-3.58426e+08
3.09561e+08
2.82054e+08
-1.16474e+08
-4.27411e+08
7.11349e+08
-1.45754e+08
8.42895e+07
1.34108e+08
-6.59606e+08
-1.17112e+08
2.23765e+08
3.62966e+08
-1.01957e+08
-4.87564e+08
2.09425e+08
-7.83127e+14
-7.83127e+14
-7.83127e+14
-7.83127e+14
-7.83127e+14
-7.83127e+14
-7.83127e+14
-7.83127e+14
-7.83127e+14
-1.53423e+07
1.67361e+06
6.04529e+06
7.04393e+06
4.47767e+06
9.90723e+06
-5.99939e+06
-2.85124e+07
1.86085e+07
-17476.1
-1.24454e+06
2.05516e+06
-106600
180246
15861.9
-140337
-354003
804505
-40913
51629.9
-49358.3
-120877
-51393
139360
-73743.2
24358.4
211677
-257127
150828
291038
-22244.6
140050
1.27246e+06
-1.63951e+06
