-8.53453e+06
2.15566e+07
5.27165e+07
7.66913e+07
2.02847e+06
2.06695e+07
2.15322e+07
5.40007e+07
-2.35422e+06
7.96965e+07
3.37852e+07
-6.95062e+07
-2.69356e+07
-5.23314e+06
-3.84748e+07
8.96508e+07
-3.3009e+07
2.03416e+07
-1.66905e+07
5.22758e+07
-2.13061e+07
-2.40788e+07
1.79653e+07
-4.27815e+07
6.22582e+06
-8.67611e+07
8.22218e+07
1.95239e+07
-5.74949e+06
-4.72223e+06
-2.75601e+07
4.55808e+07
2.08825e+07
1.56883e+07
3.11547e+07
2.36137e+07
8.89303e+06
856403
-4.18976e+07
-8.67193e+07
9.71636e+07
4.38723e+06
-3.09541e+07
2.23495e+07
5.70301e+06
6.65931e+06
7.28887e+06
-1.94233e+07
1.17456e+07
6.48475e+06
2.78925e+15
2.78925e+15
2.78925e+15
2.78925e+15
2.78925e+15
2.78925e+15
2.78925e+15
2.78925e+15
2.78925e+15
1.25822e+08
-2.50262e+07
-1.5129e+08
-4.95515e+07
2.2756e+07
-1.16855e+08
4.81459e+07
7.44762e+07
-4.33539e+07
-4.06776e+06
-3.42075e+06
837850
-707022
-3.62348e+06
4.48154e+06
4.46384e+06
-1.21376e+07
-1.15441e+07
-681939
1.82703e+06
-3.70182e+06
-2.05873e+06
2.81524e+06
-2.05413e+06
-566698
271731
1.41318e+06
-1.12001e+06
3.012e+06
587578
-2.09585e+06
5.74988e+06
-1.07745e+06
154804
